000000001101010
000000010011000
000000001001010
000100111001100
000001101011110
000001111100010
000000010110000
000000001100001
000000100000100
000000011010111
000000011101000
000000000101001
000000010101110
000000011010000
000000001011101
000000010001111
000000001001010
000001011100110
000000001010010
000000011001100
000000000101111
000000010111000
000000010001101
000000001100111
000000001000100
000000000100111
000000000101101
000000001110001
000001000110110
000000011100000
000000001001100
000000001100011
000000000110111
000000000110100
000000001100010
000000001100110
000000010100100
000000001010100
000000000101101
000101001111000
000000011100111
000000001101010
000000011101000
000000001001110
000000001010100
000000000110011
000000111111110
000000000111010
000000001111101
000001001110011
000001000001001
000000100111000
000000001000011
000000000100011
000000011010000
000000010111110
000000001001100
000000001111000
000100001000100
000000011010110
000000000111000
000001100111110
000000010101000
000000100000101
000000100000110
000000001000100
000000100101100
000000001001101
000000011000111
000000001100000
000000000101010
000000010000010
000000001011010
000000001001110
000000001000101
000000000110001
000000000110000
000011010100010
000010011001101
000010101110000
000000010011010
000000000101111
000000010010100
000000001011011
000000001001000
000000011110111
000000001101100
000000000100110
000000001000101
000000000111010
000000000110101
000000011111110
000000000110010
000000101101001
000000001100100
000000001111100
000000011000010
000000001110011
000000010110111
000000001110011
000010111110010
000001010101001
000000011011010
000000100111110
000000001100111
000000000111011
000000000101011
000000001101011
000000010000001
000000010010011
000000001101111
000000010101010
000000010000010
000000000110100
000000001001111
000000000101111
000000000111111
000000001001011
000000001011100
000000001001011
000000010100100
000000000100111
000000001010100
000000010100100
000000001000010
000000001101000
000001001111001
000000110100010
000000000111111
000000100001011
000000000100011
000000010111101
000000001100010
000000001111101
000000010111001
000000001001100
000000100001110
000000000111011
000000001100011
000000010001011
000000110011001
000000010101011
000000011101110
000000010000011
000000101001001
000000000110110
000000001010001
000000011010100
001010011011010
000000001110100
000000001000101
000000010010001
000000000011101
000000001000110
000001111001110
000000010101000
000000011011111
000001011011100
000000001000110
000000001000101
000001011011111
000000001000000
000000100010000
000000010010101
000000001100100
000000011001011
000000100001000
000000000110111
000000101010110
000000001010000
000000110111000
000001110110101
000000001010010
000000001100011
000000001011010
000000001100001
000000100101100
000000011110111
000000011001000
000000000100111
000000011100000
000000000011100
000010110111100
000000001101001
000000001000010
000000000111101
000000001001110
000000000101001
000000000101101
000000100000101
000001010110010
000000000101000
000000000111010
000000000011110
000000001110101
000000101101111
000000000111011
000000001010010
000000101001111
000000001110010
000000000111101
000000100000010
000000011100011
000000110110001
000000000100111
000000001100101
000000000110100
000011110110100
000000010001000
000000100110000
000000001001101
000000010101000
000000001100111
000000000101111
000000000101101
000000010101001
000000000110010
000000001110010
000001011100111
000000000101100
000000010111101
000000001010101
000000111001011
000010000111111
000000000100011
000000000111010
000000001000001
000000010001010
000000001011011
000000001000001
000000011100110
000000000111011
000000000111101
000000000100110
000000001001001
000000001001001
000000001000110
000000010000010
000000001010101
000000011111111
