000111001010000
000101110011100
001010110011010
000101101011110
000101011100000
000110001100110
000011000110010
000110000011000
000111011100110
000011110010010
001001011100110
110001011101100
000101001110100
000101001011100
001010101110010
000110100010110
000101111011010
001011101010000
000100011001110
000101100101000
000011011000010
000111111101000
000110101011000
001000011001010
000110001001100
000100101011010
000011010010110
000100001011110
000011001111010
000111011110110
001110101001010
000010101100100
000101010111110
000101000010010
001010110111100
000011110100000
000110100011010
001100101110010
001010101111100
001001110100110
000011100100010
000100011110000
001110010111100
000100100000110
000100101111110
000100010000000
000111011101010
000110011001100
000011010100100
000110001000100
000111000100000
001000101111000
001010100100000
000100010111110
000011100011010
110000110000000
001010110001100
000110101110110
000110100011100
000101010111010
000111100010010
001011001010100
001101010100010
000100011011010
000110011000000
000101000101010
000101000011100
000100110000010
000100111110010
000110111010000
000100110010010
001001100101100
000011111101000
000100010010010
000100011001010
000110101110110
001000001111100
001010010111100
001000001101110
000011001110010
001011011011110
000110101101100
000011011111110
000101110011110
001010111001110
000011110100100
000011101111010
001000010011010
000011101001100
000101100110110
000100101111000
001000110011010
001000000001010
000101111000110
000101100011100
001011011010000
000011101100000
001010001100000
000110111001110
000011100010010
000111111101010
000100010001100
000011110001010
000100001110010
001001000010010
000110010010100
001011001010010
000101000101110
000011000110000
001001000110000
000100001101110
000100100000110
000111011011010
000100110111100
000110000111110
001000111011010
001001011110110
000100000100110
000100001000110
000101110000000
001010111101010
001111101111000
000100010111100
000110100100010
000111001101100
000101101100010
000101001110100
000110001110000
110000101000000
000110011011100
000100100010000
000100000111100
000011100110110
000011010010110
000110111011100
001011000001110
000100101110110
000110110110010
000110001010100
001000100111100
001010110000100
000011110001100
000100010000110
001110001101010
000101100101110
000100011111110
000100000101010
001011010111110
001010010001100
000101101101000
000010101101100
000100100001100
000101111001110
110010101010110
000111011111010
000011000010110
000111001111000
001000010010000
000100101111110
000110010000110
000101001001110
000101010110110
000111010110000
000100101111110
000111000011110
001000001110110
000100101110000
110010010010010
000010110000110
000110110100100
000100000011010
000101011110010
000011000001010
000100010111100
000111010101100
000110010100010
000011011010010
000100110110000
000100001010110
000111100001110
000111010000110
000101001001100
000011111100000
000011110000110
000100110000110
000011100010100
001011101000010
000101101001110
000111101111010
001010000000100
001000100010010
000100111101000
000110111011010
000111000010010
001010101010010
001001001111110
000100010101100
001011001111000
000011111001010
001001011000000
000011110000110
000111001000100
000110000000110
001100101010110
000100000001100
000010101100110
001011000111110
001100111101110
000110000100100
000011001100000
000101001000110
001101010101100
000111000011110
000110011111000
000011110011000
001011000100000
000101001110010
000110101000010
000101110111000
001001101000010
000100001101010
000100001110110
000010111110100
000100000000100
000110111111010
000100000110010
000111000000110
000111000100110
001000010011010
000101100011000
000111001100100
000011101101100
000100110110100
000100010001010
001010100000010
000110101100010
000101110010110
000110100111010
000110101011010
000011110111110
