000000000001000
000000000100000
000000001000100
111111111000000
111111110111000
111111110011010
000000001100000
111111110011000
111111111101110
000000010010000
111111111000110
000000000010010
000000001110100
111111111001000
000000000011000
111111111001100
111111111110100
111111111010110
000000001011100
000000001001110
111111110100010
000000000101000
000000001000110
000000000111000
111111110111010
111111111101000
000000001110010
111111110100110
111111110011110
000000000000010
000000000001110
000000001111000
111111110001110
000000000001010
111111111110100
000000001011110
111111111110000
111111111101100
111111111100110
111111111101100
111111110001000
111111110010110
000000000110000
111111111000100
111111101111100
000000001001010
000000010010010
000000001101010
000000001011000
111111111100110
111111111010010
111111110001010
000000001100000
000000000111100
111111111001010
000000000011010
000000000110010
000000001000010
111111111101010
000000000011010
000000001110010
000000001011100
111111110011000
000000001000000
000000000101110
111111111000110
000000001110000
111111110001000
111111110011010
000000001101110
000000000010110
000000000011010
111111111000000
000000001101100
111111111101000
111111111000110
111111111110000
111111111111000
111111111011000
111111110110100
111111110000100
111111110010010
111111110011110
111111101111000
000000001011000
000000010000000
000000010000000
000000000101100
111111111001100
000000000001000
000000001110100
000000000010100
111111111111110
000000000100110
111111111011110
111111111100100
111111111010000
000000000001110
000000000101100
111111110110110
000000000110110
111111110011000
000000000100100
000000010000000
111111111000110
000000001111100
000000001110110
111111111111110
000000000000000
000000000001110
111111111000000
000000001111000
111111110011100
111111111000100
111111111100110
111111110100010
111111111101000
111111110101110
000000001111110
111111110110100
111111101011010
000000001010110
000000000101100
000000010000010
111111110101110
000000000000100
111111110101010
111111110010010
000000000011010
000000000111100
111111110100100
111111111100110
111111110011010
000000001011100
111111110000010
111111111111100
111111111100000
000000000101100
111111111000000
111111110101110
111111111111010
000000000101010
111111111010010
000000000101100
000000001010100
000000000100100
000000001001110
000000001110000
111111110101110
000000001101000
111111111001000
111111110111100
000000001001000
111111111100000
000000001001000
000000001111110
000000000111100
000000001000100
000000000110110
000000000111010
111111111101100
111111110100110
111111111000100
111111111010100
000000000100010
111111111111110
111111110001100
111111111111110
000000010000010
111111111000010
000000001111110
111111111010010
111111110110110
000000000111010
111111110001010
000000001111110
111111110101000
000000000111010
111111111000000
000000001110110
111111111100010
111111111110100
000000001101110
111111110100110
000000000001100
111111110000010
000000000000010
000000010000000
111111110101110
111111111011010
000000000111010
000000000110110
111111110010010
000000000010100
000000001000010
111111111110110
000000000010100
111111111111000
000000000100000
000000001111000
000000000001010
000000001000010
000000001011000
000000000111000
111111111001110
111111110011010
111111111110110
000000000100100
000000010000110
111111110001110
000000001011010
111111110100000
000000000000000
000000001101100
000000001110010
111111110010010
111111110110110
111111111100110
000000000010100
000000000000110
000000010001100
000000000011100
111111110011110
111111110010000
000000001010000
000000010001000
111111110011000
111111111100000
000000001001110
000000000110100
111111110111010
111111110100110
111111110011110
111111111100110
000000000010100
000000000101010
000000001101000
000000000100010
000000000100100
000000001111110
