000000100010001
000000010000100
000000010110011
000000110000000
000000011011011
000000010100011
000000011110110
000000011101011
000000011011000
000000010010001
000000100011101
000000100110010
000000100111011
000000011000111
000000101001011
000000011001000
000000010100111
000000100100000
000000110001001
000000011011100
000000100111100
000000011010010
000000011111111
000000010110001
000000100100000
000000011011000
000000011010111
000000010000011
000000011111101
000000100010011
000000011001101
000000100000111
000000100111111
000000010101001
000000011100110
000000011011100
000000101010110
000000010001100
000000011111101
000000010110010
