111111111111000
111111110110101
000000001000011
000000000000011
000000000011011
111111110011100
000000000101100
000000001001111
111111111011000
111111111101101
111111110011000
111111111110011
000000000000001
111111101101111
000000001100101
111111110101100
000000000010010
000000000000111
111111111101101
111111111001111
111111011101000
000000000100001
111111111110110
000000000011101
111111011100010
111111110000000
111111101101011
111111110100100
000000001011000
111111101101010
000000000111010
111111111110001
000000000011010
000000001001100
111111110101101
111111111011111
000000000101001
000000000111011
111111111011101
111111011011111
