000000011000010
000000011000101
000000011000111
000000011001010
000000010101010
000000010101011
000000010101101
000000010101110
000000010010010
000000010010010
000000010010010
000000010010010
000000001111001
000000001111000
000000001110111
000000001110110
000000001100001
000000001011111
000000001011101
000000001011010
000000001001001
000000001000110
000000001000010
000000000111110
000000000110000
000000000101100
000000000100111
000000000100010
000000000011000
000000000010011
000000000001101
000000000000110
111111100111110
111111100111011
111111100111001
111111100110110
111111101010110
111111101010101
111111101010011
111111101010010
111111101101110
111111101101110
111111101101110
111111101101110
111111110000111
111111110001000
111111110001001
111111110001010
111111110011111
111111110100001
111111110100011
111111110100110
111111110110111
111111110111010
111111110111110
111111111000010
111111111010000
111111111010100
111111111011001
111111111011110
111111111101000
111111111101101
111111111110011
111111111111010
