000000011000000
000000011000001
000000011000110
000000011000111
000000010101000
000000010101000
000000010101100
000000010101011
000000010010000
000000010001111
000000010010001
000000010010000
000000001111000
000000001110110
000000001110111
000000001110100
000000001100000
000000001011101
000000001011100
000000001011001
000000001001000
000000001000100
000000001000010
000000000111101
000000000110000
000000000101011
000000000100111
000000000100010
000000000011000
000000000010010
000000000001101
000000000000110
111111101000000
111111100111110
111111100111001
111111100111000
111111101011000
111111101010111
111111101010011
111111101010100
111111101110000
111111101110000
111111101101110
111111101101111
111111110001000
111111110001001
111111110001000
111111110001011
111111110100000
111111110100010
111111110100011
111111110100110
111111110111000
111111110111011
111111110111101
111111111000010
111111111010000
111111111010100
111111111011000
111111111011101
111111111101000
111111111101101
111111111110010
111111111111001
