111111100110100
111111100111010
111111100111000
111111100111010
111111101001111
111111101010100
111111101010010
111111101010100
111111101101010
111111101101110
111111101101101
111111101101110
111111110000101
111111110001000
111111110000111
111111110001000
111111110100000
111111110100011
111111110100010
111111110100011
111111110111011
111111110111101
111111110111100
111111110111101
111111111010110
111111111010111
111111111010111
111111111010111
111111111110001
111111111110001
111111111110001
111111111110001
000000000001100
000000000001100
000000000001100
000000000001100
000000000100111
000000000100110
000000000100110
000000000100110
000000001000010
000000001000000
000000001000001
000000001000000
000000001011101
000000001011010
000000001011011
000000001011010
000000001111000
000000001110101
000000001110110
000000001110101
000000010010011
000000010001111
000000010010000
000000010001111
000000010101110
000000010101001
000000010101011
000000010101001
000000011001001
000000011000011
000000011000101
000000011000011
