111111111101001
000000000010101
000000110011000
000000001111101
000000110001100
000001000010101
000000111001110
000000011011111
111111110110001
111111111101100
000000011001011
000000001001001
000000011101101
000000100111011
000000110001111
000000001001101
111111110010010
111111111000100
111111101100001
111111011100101
111111110101010
111111011000101
111111100100100
111111010110111
111111110111111
000000001010101
111111111011111
111111101001101
111111110010101
111111100011001
111111100101010
111111101000111
