111111111010111
000000000010011
000000101111101
000000001101101
000000101111110
000000111111011
000000110110110
000000011001100
111111110100010
111111111101011
000000010111101
000000001000011
000000011100110
000000100101100
000000101111011
000000000111111
111111110001111
111111110110100
111111101011101
111111011100110
111111110011001
111111011000010
111111100011101
111111010111100
111111110111110
000000001001001
111111111011000
111111101001011
111111110001010
111111100011001
111111100100111
111111101001010
