[[[[30.
    29.984375
    29.984375
    ...
    29.578125
    29.578125
    29.5625  ]
   [29.5625
    29.546875
    29.546875
    ...
    29.140625
    29.140625
    29.125   ]
   [29.125
    29.109375
    29.109375
    ...
    28.703125
    28.703125
    28.6875  ]
   ...
   [24.3125
    24.296875
    24.296875
    ...
    23.890625
    23.890625
    23.875   ]
   [23.875
    23.859375
    23.859375
    ...
    23.453125
    23.453125
    23.4375  ]
   [23.4375
    23.421875
    23.421875
    ...
    23.015625
    23.015625
    23.      ]]

  [[23.
    22.984375
    22.984375
    ...
    22.578125
    22.578125
    22.5625  ]
   [22.5625
    22.546875
    22.546875
    ...
    22.140625
    22.140625
    22.125   ]
   [22.125
    22.109375
    22.109375
    ...
    21.703125
    21.703125
    21.6875  ]
   ...
   [17.3125
    17.296875
    17.296875
    ...
    16.890625
    16.890625
    16.875   ]
   [16.875
    16.859375
    16.859375
    ...
    16.453125
    16.453125
    16.4375  ]
   [16.4375
    16.421875
    16.421875
    ...
    16.015625
    16.015625
    16.      ]]

  [[16.
    15.984375
    15.984375
    ...
    15.578125
    15.578125
    15.5625  ]
   [15.5625
    15.546875
    15.546875
    ...
    15.140625
    15.140625
    15.125   ]
   [15.125
    15.109375
    15.109375
    ...
    14.703125
    14.703125
    14.6875  ]
   ...
   [10.3125
    10.296875
    10.296875
    ...
     9.890625
     9.890625
     9.875   ]
   [ 9.875
     9.859375
     9.859375
    ...
     9.453125
     9.453125
     9.4375  ]
   [ 9.4375
     9.421875
     9.421875
    ...
     9.015625
     9.015625
     9.      ]]

  ...

  [[ 5.
     5.
     5.015625
    ...
     5.40625
     5.421875
     5.421875]
   [ 5.4375
     5.4375
     5.453125
    ...
     5.84375
     5.859375
     5.859375]
   [ 5.875
     5.875
     5.890625
    ...
     6.28125
     6.296875
     6.296875]
   ...
   [10.6875
    10.6875
    10.703125
    ...
    11.09375
    11.109375
    11.109375]
   [11.125
    11.125
    11.140625
    ...
    11.53125
    11.546875
    11.546875]
   [11.5625
    11.5625
    11.578125
    ...
    11.96875
    11.984375
    11.984375]]

  [[12.
    12.
    12.015625
    ...
    12.40625
    12.421875
    12.421875]
   [12.4375
    12.4375
    12.453125
    ...
    12.84375
    12.859375
    12.859375]
   [12.875
    12.875
    12.890625
    ...
    13.28125
    13.296875
    13.296875]
   ...
   [17.6875
    17.6875
    17.703125
    ...
    18.09375
    18.109375
    18.109375]
   [18.125
    18.125
    18.140625
    ...
    18.53125
    18.546875
    18.546875]
   [18.5625
    18.5625
    18.578125
    ...
    18.96875
    18.984375
    18.984375]]

  [[19.
    19.
    19.015625
    ...
    19.40625
    19.421875
    19.421875]
   [19.4375
    19.4375
    19.453125
    ...
    19.84375
    19.859375
    19.859375]
   [19.875
    19.875
    19.890625
    ...
    20.28125
    20.296875
    20.296875]
   ...
   [24.6875
    24.6875
    24.703125
    ...
    25.09375
    25.109375
    25.109375]
   [25.125
    25.125
    25.140625
    ...
    25.53125
    25.546875
    25.546875]
   [25.5625
    25.5625
    25.578125
    ...
    25.96875
    25.984375
    25.984375]]]]