000000001111100
110110010010111
001000110011111
111011111001010
001010000110110
110110010111101
001101110101111
111010110111000
110011010100000
000000111110110
1100011010010
110000110001111
110001001100001
111010000101000
000000101110100
000101100011110
111111111100001
11001110000
000000011010110
111111100101011
11101100111010
111010001010100
111011010010100
111100100001010
111010110010100
000010100001101
001011011110010
11100001001111
110101010011110
1100111100001
110001000011101
001100000011001
000000011000101
11100101101101
11010110100001
110001011110000
110000101011101
001100110100010
110110011001110
110100100000001
000000011001001
001000010010110
110101000010100
001001000010111
111101100110101
1100000100100
001010100001011
001110111010011
1100000
110001001101100
11000000011101
000110000000001
110000011001100
000011111011000
111011110001010
000010000100010
001000111011011
110001111011010
000001000100110
110100101110011
110011000110001
11001101111011
110011000000000
11011011001
001001111001001
110000001010111
000000000101010
11111010111111
1111
1111011110011
000111111100111
000001001111100
111101110000100
111001011101100
11100110010011
001010111101001
000101101100110
001100001000000
110100100101100
110100111101101
000000100010101
111010010010101
000001010001010
110110001100011
110001000110100
110001110001100
000111001100111
000010111101110
11100110100001
000001011100011
11011101101000
111011001110100
001111100110110
001101110000111
110110110011111
111110100100110
110001111010100
110101000011
000001101110101
001001110111100
111000100101000
111001010100011
001010101101011
1110010100111
111000111111110
111101110100001
110100101100010
110010100101110
11010101110001
11010000000100
111110110110001
110110011011110
111011001000100
1110001101011
11110110000110
000100011100010
111010101101111
001011011011101
110010110001001
110101011011001
000000101100001
001100010010100
001101011111111
000011010110000
000100100110010
111111011110011
000011111000011
110111000001001
111001100100001
110001101011010
11111010110010
110000011100110
001110110100001
110111100110111
110001110110101
111011000101010
111010111001110
110011010101100
000010011000101
111111000000100
111110000011111
11000111001011
000010011010110
11011001110110
001000000110010
001011011101011
001001010011010
110101110011110
110101011011011
11100100010110
110101101111011
001011101000001
111000100000011
110010111101011
110000101111001
111101111011100
001111101110111
001010101111011
110000111100110
110101111000101
000000110101101
111110010010011
111001101110101
110000011111100
111000000110001
11101001011011
000000100011111
001011000100100
1110010100001
000001111010000
110010111111101
000101101011001
001110000001100
000001011100110
001100111001010
110111100101110
000011111000111
1100000010101
000011000010101
110100001001101
111100010111
111000011110011
111010001000010
110000001000100
110111001100111
111001000110101
111101111010010
111001000001101
11000101
11111000101000
001100101000101
000000110100011
110101111000010
111111101101010
110010101101011
110111011010101
000100110000000
001010000011000
001111001000011
110110010110001
000000111111010
110000010010010
000101111101010
111101101001001
001011100110000
111010111000010
111101001111011
111111000111111
110011000100001
110010001000111
110110101001000
111010111001011
001101001110110
001011010010110
000111111011111
110100000110010
001100111000001
110100101111110
000011101100101
001001010010101
11001000001110
11000000011010
110001110101101
110101000010010
000110010011100
000110101111111
110010100001010
111100001111101
11010110101111
110001100111010
000011100001111
110110000000101
110011010000010
11100011101001
110100101011110
110000111001110
111001110001001
001001010110110
001101010100000
110110110011101
000001001000110
000010010010001
110010001100000
001010110010110
111111000101110
11000100101010
111001111010111
110011001011011
111111110100001
000010010111110
111010010010011
110000000111110
001100011100001
110101001000101
000010111110101
110000100110110
110101110111011
1101011100111
000100010110101
111110011011110
11110100000101
110111101000010
001001100011000
111001111100001
110101011010001
110100011001001
000111001000010
111111011101100
110101100011001
110100001001100
111010011011001
001011001101000
110000101000001
111001001101001
110110101010001
001010011001000
001110110010010
001000101010011
001011011111101
110111010001010
000111110111110
001101110010100
111110010100000
111010111001110
000001111001000
1101101111000
110001111111000
000000000000100
1111110000011
111011011101101
111110010010111
000011110111010
000110000000011
110011011100110
000001011101001
111000101110101
001101010111110
111010000010101
1101001110100
110001111011010
11110001000
111111001111011
001101001110010
111101010
000010111010100
111011111100101
110000001000111
110100100100110
11100100001100
111011100011001
001010000000100
000100111001111
111110010011110
110110011111100
11111101010101
001100111001111
001011001011011
001001110011001
001000000011101
111000110001111
000010100111011
110110010000100
001100011111111
001110001111011
000010000100101
110001100110111
111000101111010
111011101010110
111111010100011
000100101110010
111110110000011
000100010110101
000100100001111
110111011110101
110001011000001
001101101010111
001111101010100
11100100010000
001010111101010
110001110101100
1101010110000
110011011101010
110110101000110
11010111110010
001100011010000
111100110101000
110101001111001
111111101001001
1101001000
11101100001010
111111010111100
111111001010000
110110010111101
111000101101000
11010010111001
001001001111111
000000111101001
000001101111010
111001010101110
111011110110101
000010110001010
001000010000110
111000101110111
111011011000110
110101100011100
111111010010111
110101011010111
001111101101101
11100000011110
110100111101101
110011001110
111001100101010
000011101111000
000001010001100
001100011011010
001010001011001
111000101000100
111101001101001
001011100111101
000110111110101
11010110100111
110111111100
001110010110000
11111111000011
111011100000010
001010011110100
001001110101010
110110111010
11011010101011
110000000001111
110110010001011
110100011000010
110011101111101
1101011100101
11100010101010
000010101110101
110101111110011
000001000010100
110111100010001
111100010011111
000010100101000
111100000000000
000111111001011
001010011011100
001011000100001
11011011110010
110011100001001
000100111001001
110111011010000
000111001000100
1101011100010
110001010001100
000011101000010
001101110011111
001000100001001
000110001010000
000011111111001
11001101010101
001011110010011
111101101011000
11111101100001
11110001000111
000111000001001
110100011100110
001101010110100
111011010001011
111111011000100
1101101001101
110011101100001
110001011100001
001110000101110
001100010001011
110001101100101
110001001011100
11110001101101
111100000101001
001100111011101
000000100111111
110100111011001
111100111110101
000100101101110
110000111100010
111001100100111
000010000100110
000010111101100
111010011110001
111000010100111
110010011110100
1100011101101
111011010110011
11001010011000
001000001100101
000101000011010
110001001011011
000110100111010
111110001000100
001001101111101
11110110111000
001100110111100
110101010010010
110110011011000
11000101110110
111110100010101
111001100101010
000011000000101
001110101011111
110001101010010
1100011010111
110110011000100
11100101011101
000011111010110
000111101110000
110010110110110
1110110110
11111001010000
110100011010111
000000100110111
111110000011010
001011011000111
000001100100010
000111011011000
000101110100110
001011111111100
111011000000110
111010011001111
11001011000111
111101111010000
111110110101100
110001011101000
001111000011101
11100111000111
111110001110100
000110010100011
110101011000001
000100100101101
110101010000110
001111000100111
110011100101101
001101011110101
001100011101011
111101100100100
110000101110
110101101011001
111110011111100
111000011100101
000001111001000
000100011000101
110011110001
111000001110001
1110110011100
111001010100001
000011101100110
110100100101100
110001000010100
110000001011101
001101001000011
110100010011110
111011001110010
000000101101010
000110000101101
001010001000100
111010101101001
111110010111110
110011111011101
110001110111100
111000010011010
000011011111001
001011001100111
111110011100100
000010110001010
110000011111001
110100010000011
000111100110000
111001100100000
000010100100000
001100011001001
110100011011010
111000010010100
001110000101110
000011101001000
1100101101111
111011011011000
001100110011000
111011001001
001101111000110
110101000111010
110111000110100
1100001010
111010000011111
1111011000
001110101110011
111111101010100
110110010100000
11001110010
110001001100000
000101110110000
001000000000000
111000011001111
110110000010010
001010100111110
001100110110101
001111100101001
110000101111101
001100110111000
001001010101011
1111001100001
001001000100000
110111100101001
11011011011111
110110011111000
110100000101100
001010010011101
001000110111111
111101101111100
000000100011001
000011100001111
111001110001110
111100111111111
001110101011110
111010110011111
11011110110111
110100110001101
000011111010111
11000010010111
000011010100100
001000010101011
001001110101010
111110100100111
111011111001110
111011000010011
000100001010000
111011100111001
111000000001111
110001011001110
110010001011000
111110100100101
111011101101101
110101100101100
11011010111011
001111001001010
001111000110101
000101100010111
110010101011110
110110111111111
000111101010101
11010111111010
111111010101100
000011111100011
1100000000101
001101111000001
111101000010100
001011111010100
000001100111111
001011000011011
110010011110010
000010011011111
111100100010000
111011001000110
111111011011000
000000101011000
111110000101111
111001010011110
001111010101011
110101101101110
110100010011100
000111010100010
000111110111111
110100110100
11011000010010
1101110001110
001001010001111
111111111001110
110101110010011
11010001001000
110010000010100
110101010101001
000100111111111
111011010110011
110001100110000
001101100110011
110011100001011
000000101101010
110100111111000
111100101011110
1111100101
000001010000001
110001110100001
110100000010100
111010000010011
110001110110010
1110111101111
110100010100
110000000001001
111000011001111
110000001111111
110111101101011
11010110101011
11001101010111
11010100011
110001110
000001110010001
110000110001101
1101000100110
11011111010110
110011111000101
110001100100110
111010010001110
110001101001000
110010000011001
1111101011011
111001011010000
111000011011011
110111010111010
000000111000010
111100111000100
001110010001110
110010011100110
111000000001010
111100011100100
111001011000011
000010011000111
111001000111110
000011100000010
001100011000100
1111010110001
000011010000111
111111101101001
110001111011111
110101110100101
111011100001011
111111010101010
1100010000010
1101110110000
111000110111011
11010000000000
111111010100000
111100001000010
1110100111111
1110100111111
11001000001010
001100010100100
11101101101
110101111000101
1110010010011
111111010000
111110001101001
001001100011111
11000111010
111110111010011
11100100000111
11000011101110
000111110101101
000101110010011
001110011010000
000101100011001
111010000111000
110011110011001
110101100110001
111111001101011
110000001101001
110110100000111
110010001110011
111010100011110
000100010111101
1110100111111
000000011110010
001111101010011
11011110000100
11010110010000
11001011011
110011110101101
111100100001001
110110000100100
001111001100100
11100010110
110101111100
110001101010011
110001000110
11001010000
11100001000111
111000100111100
110001010000001
1100001110000
111100110001001
110000010011010
1101100000000
000010111000111
11010111100111
111110001000
11010111000001
110100110101111
111100101001110
111000110111100
111001101111001
110000001110000
001110100100001
111000110100111
110011110011010
111101010100000
11100110110
110111001000010
11001010010001
000100001010011
001111010110010
110011011000010
110010100101010
000110000111010
111010100001001
110010100001000
110111100011101
111110101010101
111101101001010
111011001011111
110111011110110
110010000001001
111010100010000
11100011010011
111010000001110
1100100111110
11000110000
001011001010101
111101001100101
11011010011001
11011000000100
110000000010001
111111000011011
110011010100010
1111100111101
110110100010011
111000001010110
111010000011110
111100110010111
110110010110110
000010111100000
111111000101101
110110100000001
001000011101000
110010101111011
11111011110111
1111001001000
111000000100101
11111011
001110011010010
111010110001011
111111011111001
1100010001001
111100101001101
11001000000000
111001110010001
11101011011111
11001001011100
111110000011010
111111111000101
000001101001100
110001110010
110010000010111
1111011101110
110001110101110
1111010001111
110101100011010
111101111001001
11001010011001
110010001001101
111000111111010
11111010100010
111000000100111
000100100001011
111111011010
11000110010010
1101000100111
111111000011011
111101010000011
110100001011110
001100000001110
001110000110111
111111001000111
111000011110101
110001110010101
11011001101
11100001110110
111001000000111
110111001101001
111000101010110
000110001101111
11011100110011
110101111100010
110011001100001
110111011111011
11000011100
111010011101
110011101100110
111110011110110
1100100101101
001011110101000
110010011011000
11001100100101
110100000010
11001100111100
11001111110001
11010000000011
110000100111101
110101011011101
111001000000010
1110111101111
11110100111011
110001000110111
110101101110001
11111011
111011000011010
110001111111100
1100000011100
111101101100010
110010000001000
110101001000001
111101001000111
000111110010010
001000100001101
110000110101101
110011010100101
110001010100011
111001111101111
11110001011011
000010111100010
110001101101011
110111101101011
1111100111010
001001101110111
1101111111001
11000010110001
111001001010111
111110001110110
111110111100010
11001010011001
110101111111100
110100111010
11000111110
111101100000010
11010110111
11100101100110
111110011101011
000011010110000
11100110100
111111110111001
110100111100101
11101111101000
11010001010000
000110111010000
111100100100000
11101010101110
111110111010110
11001000100100
111110000101110
001111110101101
111110001111011
001100001011010
110000011101011
111000100111100
11111111000001
1101001111110
110110011001011
000101101011001
110010110110110
111011100110001
000010001010001
111010101001011
1101111101101
001111011001101
111010011011011
111100110100110
11111010110110
111000110111000
110111000111000
1111011111100
001011000000000
11101000001110
110111001000111
111101100001100
111111010100101
1110111100
111110111100111
000101000101101
111001010101000
11011100010110
11011010100100
1110101001011
11110111011101
110000011111001
111010110000101
111011010001101
1110010100111
111010101010110
111000110101001
111001111111110
110100100110001
001111001011101
001001111010001
110011011001011
111100111101000
110010111001101
11110110001110
001100111101011
111001000001100
111100101000111
000110011000100
110010111000111
1100110001110
000110011111111
11011101111010
111100000110100
110000010011001
1111001101000
111010111110000
11011100111
000011111000111
11010111010100
11111000011110
110001100001001
111100111000101
11011101000100
1110111000101
000101010111000
110101001010
111100000010101
111111101111111
110000100111001
110101000000010
001111111101100
11000110001111
110101000000000
111011111101110
110001011101011
110011101101000
000101110111011
110001101101111
001000001101100
111101111100010
110011000100001
111001001111100
11101111001110
110100011000111
001001101110001
11101001000100
111110000000111
000001101110000
111100111001010
11111111011000
001111100011001
11111000101111
111101100000001
1111011000010
110001100000111
111110110111011
11001100101
111011110001010
110111100100110
110100110110111
111001111001111
111101100001000
11011001110101
111100110000001
110101000000001
11011101010010
1110101010111
11101110010100
11010110011000
1101001011111
000011100111000
11011110110001
11110000101001
111010001011011
111010111110110
001011101011011
111110010010001
001110101100000
110100101010000
001100001000001
000111001111011
111110101010000
110100011110111
110011010000011
000110011111001
11001111000
111111011000111
111101000100100
1110111010001
111011000011110
111000100110110
110010011100110
111110111001111
111110011110001
111011110100110
110110001001
1111101000
110011101010111
1100001111001
111010101010100
110010001010
111110001001110
11010110101011
110010100110110
000100101001010
110100101010110
110001010011101
111011110100111
1100111110110
110101010111010
110111010000111
11110111011000
1111001001010
111000011000110
1100100000100
000011101001000
110110101101100
001011101001101
000001000111000
111010010011101
111011011001100
1100000100111
111011000011011
110010000111110
000011010000001
110101010101011
000000110000110
111000011010111
110000111011000
1110001100100
000001101010011
110101110011110
110011111
110101100100001
1110001000101
1110101010110
1101101010
001011100100100
110000111001100
111110010
11010101000011
111110110010110
11010011011111
11000011101001
110100010010001
111101101011010
111011111100010
11001110111010
111111001010100
1101100010101
001010111010100
110010000000000
11101010
110110100110001
11110000010001
111011100110111
001111001000110
001000100111011
001101100100000
001000011111001
001111100011100
11001011111101
11100111110
110000111111001
000000000001001
11001011011110
000010001000101
110011110001010
111010111011110
110001010101011
001010101110000
111001001010110
11101101111
11100101010000
110000011100101
11010100100010
111101101
000011011110001
111101100011110
1110010010001
110010111111100
111111011011110
11010000010010
111110010011101
000011111011001
1110101011110
1110100100111
110111111001101
111001010110011
110101101110000
111110100100010
110101000101001
111001010001001
110100110011011
110111100011110
110011100100101
000111100100000
000101100101010
111010000001000
110110101010101
000011101101101
11110111010011
11000001100010
11111110110100
111010001001110
110000010011
000011100100101
110100011000001
110000100010001
11000101101111
111101011100110
11100110110110
11110000101101
11100111101110
111111110111011
111001010001010
11010011001000
110101111111100
110001110000101
1100110010100
11111001001101
111000101010000
110110001110010
111010000101111
110010011000100
110101111111001
110001100010110
11001101000001
110101001000
110101111001001
000101001011100
110111010110110
110100100011110
11010110101100
1110101111
110000111110010
000000111010111
001110111101101
000111010001111
110110000010101
001111100100000
11101100111001
111111110000101
111010100110001
110100001011100
111010110100111
000101000000111
110101001100110
1110100110100
1100101100
110000100100000
111111111011001
111010111001011
11101101000110
11111011111010
11000011001111
110100101110101
000111000001010
1110010000101
111000000000
11010110101010
110001100100110
110111010010
110110000111111
000000110010111
1100010001001
111100100001101
111011100000001
11100100001111
110110101101100
001011010001010
111001100110000
11111111100100
1100010110
11010000111000
001110100101011
111010010100000
111000110101110
110100100101000
110100110100100
111011000100101
11100000010110
110110101110010
1101110100011
111000110011101
1110101000
111111101011111
000101101010010
1111101110101
1101110010011
111110110000000
111000000101111
110000001011110
11011001010
11110011001010
11111110001000
1100000110111
000011101001101
11100011110
110111010001111
11000001010110
110101111100
11010011001010
111000011111110
001100001001000
110111100101001
11000110
11100100010010
11011111111111
111010001011111
110101000011000
11001001011001
110110101011100
111010001001100
110101111
110001101111001
111100010010100
110110100101101
111100101011000
000101111110000
001011111011011
11100100011000
110110000001100
11010111100001
001010110100010
11111011110011
000100000100101
000000100100101
111101001011101
11000010010101
111111001010111
11010100000101
110000010010001
110010011000001
11110111001001
110011100001000
110100001110
110010101011000
111110001010101
11000010111001
110101110001011
11100010100101
11110101111001
110010111000011
110101110001101
11000111011
11001001010110
11001001101000
11010001100001
11100100010001
001100011010011
11101111011111
1100000100110
11011011001000
110010110100111
001110101111100
000110101100010
001100100101101
111001011100111
001011001000010
001010010011110
111100010100010
110101001010111
110101111001011
001010011000000
110111101000011
111001110010100
110100000110001
11110110101011
110100001111110
000110110001100
111110111110011
1110110110000
111010101110100
111011000000
110000111101111
111011110110100
001111110001010
11100100001001
110010001110010
111101000101111
110110000000111
11001100111100
111101010000111
000011010010000
111001110101110
110010000000
111010100001011
1111111110010
110000010110011
111101110000000
110001110001011
110001011001000
110011
11101110111000
001101010110101
001000101110001
000001000110100
001010010000100
000101010011110
111011110001011
111110100101011
1110000111000
11110100010100
001001111011101
111111110010011
001111100000011
000111100111101
111111010
11100111
001110011000010
110011011100001
111101011001111
111000101001
110111110110111
11110011010110
110101001011010
001100110111100
111010110111110
111100000101100
1100011010011
111111101101001
1100011111111
1111101001011
110000110010010
110010100100001
111011010101011
11011110101111
1101110000011
110100001010110
001111000101100
110101100111000
111110101101011
110100101011111
11000111001001
001011111101110
001010110000000
110101100111100
111011000100001
111111011111010
001101001111000
1110110100
110111000011011
1111001011101
001001011111010
1111111100011
000101001110010
111011001001001
110010001001000
11100001001111
110101111110111
1111111010000
110011111101110
11011011011100
11100010101110
11011110111100
11110100000000
001001111101110
11001001110011
1101111100101
11011101110110
11001011001010
111111011000001
110010000001111
111110010010110
11011010010011
110100011010110
111101001010010
111100010011
110111111111000
000000011011001
111001011100101
11100000001101
11001010101010
111111011010
001010100100111
001100110010000
001010001000011
001011110111110
111001101010111
111110101100101
111000111100
1111111111101
111111110100110
001001000010111
110000000110011
111010111100001
001110101010100
111110010110
111000000111000
111101100101100
111100010111101
11010100001101
110011110001111
1110100101
11001010100011
1111110100110
000111000100001
110111100101000
11111110011110
110011000011001
110011000101011
111010010000010
111100011010100
001011110011001
1100000000110
11101100000001
11110011110101
11010100100
111011110011011
110001110000111
111101010010010
111001010101110
111101111110100
111110111101100
001001001100001
001110110011111
111110101001010
111100101011100
110011110110011
110000001010011
1101011000100
111000111100000
111000011101111
001000100110100
111000010000100
110000101010000
000010001100000
110101011100100
1100000100000
000101001100010
110000110101011
11000101100
111100001000001
110101010011100
1110110001001
11001001100
000100001010100
1101111011110
111001101010110
111010010111011
111100110001100
110101001000100
1110110011001
111001010011011
111100101111000
1110100101101
111111110011000
111111000110101
111111100111110
000011000110101
11001000000
1110101010000
110010100111111
111001111111101
000111110011100
110000110101110
110011001010001
001101011111010
001110000001111
000001101000000
1111101001100
11001111000011
110001000111001
001000001010000
111010101
000110010111111
110101101101010
1111000110010
110000000001000
001100110010111
1101010011001
110111101001100
1100011110100
11001110010011
1100001110000
111010011110010
000001010001000
110100010010100
111100001111
11101011100
1110011101101
110000000000110
110001001011101
000110110011110
110101011101011
111111101011000
110001000111010
111100111000111
111011100010
110100011100010
1100111101101
110011111110001
1111010001001
110101000001110
000110011010111
110010110111101
000111101011000
111110010011001
001000001101011
110011000101110
11001111010101
111010110100110
11001110000100
110110110110001
1110111001101
001101001011100
111111111110000
1101010010001
11001100100110
000100010110100
111110100010110
11100101000111
1101011001010
11100111011
111011010101101
11010111000010
001111110110011
11001000110100
11111110100100
111010010010100
110100110000011
111100011010010
110011101101000
111010000101110
111011100101001
11011010101
111110011011101
11110101010011
11001011000000
001001100100000
11110001100110
110000110101110
110001100101000
11011111101000
000110011110100
110101110011011
000100110100010
000011111101011
000011110011011
001011001110010
1110011111101
110111100000110
11111000010001
000011101110100
110001111011110
111111010101100
111001001101101
110111101110010
1111011010000
111000110101101
110001110101110
111001001100101
110111111110111
110110100100110
11010101101111
110111101000000
000100010000101
111111000000
1110000110000
11010110001101
1111010110010
111100101111100
111001000101011
001101111010100
11100110111001
111010100001111
111110001111001
1110110101110
11001100101010
000001101110001
11011010110000
111001000001001
110101101101111
111010011001
111000101000001
000111010001010
110100111101101
000110010001100
001101111110001
000001101000111
1100011110
1100001110100
1101101
000011010010101
111010000100101
110101000000011
001100110110101
11001011010001
110011010011100
000000011100110
1110001111110
11111110000011
110101101
11011000011100
11000001011001
110000111010111
000001010110110
110010010000000
11111111100000
110010000111111
110001000001100
110111100111111
111011111110
111011011100100
1101101010111
110011101000000
11111100010000
1100101010100
11101010111011
110011000001111
11111001011001
1110010010011
11010011000100
111110010101001
110111010000101
001001010110010
001001100011001
110111000011011
001000000111110
110011000100000
110110100000
110101001010110
111000101100001
000010010001110
1100000011000
001101010001000
000010001001111
111101011001001
111101010010111
001000111000011
111100111001101
1100110110010
11010111011001
111111000011010
11000001111011
11010110010100
000001001110011
11100100011
111010000010001
111100100010101
110111000101110
110010101011001
11111101101100
001000001001110
111011001111010
11101111111001
1100011000
1100111111001
110100011011100
000101010001010
110011000101010
110001110010011
111110111110011
111010110000111
110111100111101
001011100010100
111100100000100
000111011011011
000010010010111
000110010000111
1101100001000
1110100010011
110001011111000
000100101000001
11110100011100
001011000111111
111110010001101
11110010011000
1101000101000
110100001101110
110000101000001
110110110101010
110010001100011
110000100110001
110110011000
110110110000
001100001010011
11111111011001
110001011
1110111110110
111010010000101
11000010110111
111001100010000
110110100110001
11100000010000
1111000000111
11111011011101
111000010000
111001110011111
111100110100101
110011001110010
110111101101011
11101100000111
110101100100110
111011010111000
110000100110001
001111001001111
111000111000001
000000101000011
111101000000001
11000000101011
110011110101001
11000001000101
000111001010010
111001000001111
001001010011010
111010101110100
111110111101000
11100101110000
111111101100110
1100001000011
11000101101011
111001001101011
11111111101
111100111110000
111010110101000
110111101010011
111110001100010
1110010010100
110001011000001
111101010101010
111101110010000
111001010010
000101001001111
111100100100110
111111111011101
111110001100111
1110101011
111111000111010
110100101101101
110011001001101
111101010111000
111011110000100
110000010010001
111111001111100
110101110011010
000001110101011
001010011000101
111111001111000
110011110101000
11010101000001
1110110001
111110101011100
001001101100100
111100000011
000111011110000
110111001001100
11111100111000
110100010101011
001011001011011
110111101001110
111010100100111
11111110
110011011001011
110111001000100
110010110011111
000011001011100
11100011101000
11100010011001
111011110001001
111011101
110011001101010
11100110011010
110011101101010
11101000101011
111000110101110
11100111101110
111110101000000
1100011010010
001100101001010
110011000100111
110111111110
11010000001010
11011000000110
000011001001000
111011000000110
110100011111111
111011111011000
111101110110100
001010101000011
11101001010110
11101110111001
110101001111000
001100010000001
11110000010011
000101101101101
110011101110011
110000011
111011110111101
110110101000011
11011001010110
11100011100000
1111010111111
1100110100010
110001010000101
11010110001000
001110101100101
111010101100111
110010010111111
1110001111001
111101000001
11000110000101
110110011011100
000010001110010
111101101001101
110001110001000
111011101101110
111100011100111
11001110011001
000100101001010
110011000001001
11000101100001
111000010110111
1101110010100
000110111011011
000000001100101
000111000111110
001101011100011
111100100011011
000001010110000
11111101010100
111010111100001
11011110011001
000000001100000
110111100000011
000010100001111
000101010001011
11111100000101
1110111111011
110011001001001
1101001100001
111000001100110
110011011110011
110100110100
11110111001
111001010110110
001100101100001
11000011111001
110100110110111
1100000110000
111110010110011
111010110110000
111101111000100
001100011111011
1101001001001
111010000110010
110101100110111
110111000110100
1100011010100
000000010010101
11011001000000
110101111000001
1100010110010
110101101111010
111101101100110
001010100010010
110011101011010
001111011010001
001000001011001
001111000111101
11100001000000
110000001010101
111000101111001
111000001100111
001001100111110
000000010110010
110011111110011
000001010101100
1111111101
110010100010110
111011100100101
111011111000000
111001110101010
110011101001011
111000001000000
110011110011000
001101110101011
110011000111011
11000110010011
000110001111100
110111101001111
111010001110101
111101110010110
110000101101010
111000001000001
111101000101011
110100001111010
110001000000010
110100100101100
110001001111111
11011000101111
11001011110011
111010001001101
000000011111001
001101101001110
001110011110110
111110011011011
000010100111011
000101011111101
000010110111111
000110101110001
111011000001001
1111011101100
000111001000010
110111000011000
111000011010101
001000101010011
000010111011001
111110000111100
001000110101100
111101111010100
111110101111010
111001001010111
111011100100101
111111010110010
000001001000100
001011001111000
111110001100010
111111101000111
111001000100010
11111011100101
110110100101100
111010001011110
111100110000
111000110110100
001111001001100
111010000100000
001011110100110
110011010100101
000000100111000
111011011001000
111000010111100
110011010010001
110011110000101
000100111011101
000001010001100
110000100011101
111001111000011
110101110011100
000010111001001
001001000001010
110100010110110
110011011001101
111011000111100
000101110001010
111001001001011
000110100101011
111110110100111
110111111011111
000010100101011
111001111101010
111100001010001
110101100010100
110001000
111110011000001
001010000111100
111001101101101
001000000001010
110001001101101
001110011101001
1100110111010
11001101100111
110001101000100
111000001010000
110100101011010
111110101111010
111100011111001
000100111001111
001110110010100
111000010110011
1101111000011
111111011000110
1100101010100
000100001100111
000010100100001
111000111111010
110001111110
110011010011000
001100110111101
000101101001001
001011000010001
000110111001101
111011011000001
111010101110011
110011110010011
001100010111111
111001000000011
001011101101100
11010011010110
000101101011110
000110010100001
11111101101001
000101100110000
111100110110101
001001101000000
001011000111100
001110101100011
001101000101111
110101000110001
000101010011011
110100011110011
11001100101101
111100110011010
110010100011001
1101010101110
000111001110111
110111110010011
110101111110000
000001010110110
000011001101010
110111111001
110101001000100
110100100111
001101011110011
001101000010011
111011010110001
110101011110001
110001001011110
110010111110111
110000011101001
001011101110011
001001000110100
111011001001000
111010100101010
000001110001101
000000000110101
001011111010111
111000001101010
111100101011110
001001000000001
110010010010100
110111111010
110101010111011
111001001110001
110100011100000
001011111001111
000100110010010
110010000101000
111000101000000
111100010001011
111110110000
11000111110000
000111101010101
11101000100110
110101110000111
001111100010100
110010111001100
000110110111011
110011101110110
001110100101001
111111110000011
11010011010000
110010
110110100100111
110111110111001
111101111110001
11000101111000
11111001101000
111001100000100
111011011110000
001100011001111
001010111010101
111010101010000
111010011011100
001111110000010
110011110101111
111110110101001
000100101100110
11110111101011
001100010100001
111110010000111
110110010001110
000101001000011
110101100101010
111111001111101
001100101011111
111010110111000
110111000011110
111100001001011
110011001110111
110011001100011
11000010110100
110010100010100
1111100110100
1110001101110
110111110101111
11110000000110
110111110001110
000110000101110
111001111100000
111100100001100
111111101100000
111101011110100
111111101100000
000010101011110
000000100110011
111100000000001
11101001110101
000000000010111
000110011111100
001101000101010
001100101110111
111010001011000
111010010001111
111101101111100
000111100011111
110001101111111
110001001100101
11001111001
001111101000001
001010001110010
11001100011101
110100111010001
110001111100011
001010000010101
001101011110100
110000111010100
111100000010100
111111101010110
001010001100011
110100010001
1111101110001
111101011001100
110001000011
110110101001110
000000001001010
11001001000001
001000101011011
111000011101100
000101010010011
111001010010111
110100111101010
111010111010101
001000110011101
001101100001011
000011001110100
11111010001011
11011001111101
000110100100101
110001100000011
001101110000111
001110100010101
111001101100000
000011110111110
001001010000011
001110101011110
000001111000010
000100011011111
111010100110110
001111001011000
000100010111001
1100010000
110101110101111
11010101001100
000000010100100
000100001111110
000011100010100
001011010110001
111101110100000
001100001000011
11100011011011
111111010011001
111001101001110
111010110101110
11111000010101
000101000110101
111010000000000
111000001111110
110010011101110
000011110100010
1101001011100
11110011011110
1100000110101
000010101111011
000011101000011
110110000110000
110101110100000
111000010011101
001101100000011
000010101110001
001010100100001
111001011111100
111011100000110
111111111010010
110101011000001
110101011001011
001000111101101
111001010000110
1100111100110
001010100011110
001101101010100
1100110001010
001011011101111
11011111110001
111100001011111
001001001101110
001001110111101
000100101011000
111101011011000
000011110101100
111100110010110
110011101101111
000000010110000
11010111010010
11101000001001
111001100000101
110100111110000
111100111011111
111010111000011
001111011001011
110001001001010
110001100110111
1110000001001
001000011001000
110101001110101
000001010000100
111011111001
111111000001001
001001001110101
001011111111011
000010010110110
111100000101100
111010010010001
111111111111011
000000100111011
000101010000110
111000011111011
000010111111001
111001101111101
001100101001000
110110110110111
111010111110101
110111110111000
11001010100001
000100000011000
001001100111010
111010101011000
001000010010011
000000101111001
110110010001011
110001010100110
110100101101101
001000110010100
1110011101100
110001110000
111111111010100
110001000000111
001010000001101
001001011010110
111000011101000
11110101101011
11010010010001
1100101010111
001111100010110
111100110001111
000010111101110
111001011111000
111101010010011
001110101111001
110011001101110
000010011100110
111101101111001
111001111111101
000000000100011
001011110110101
110101001000010
001000000001010
001100101101100
11110100010100
001110101110001
000000000011001
110001001100000
000100010000010
1110101010001
001011111010001
001010000000111
001011011110010
001011111001110
000100000011001
001000101101010
1101110110110
110101101101011
110001001111000
110000000110
110111011010111
000110010100010
11101000011110
110111000111100
110111111101001
000001100000101
11100010001100
110111101100
111010100101
110110101100011
000100010101001
000100101011000
11111011110111
111011100011101
110100001111110
111010011100000
000010100010110
111111011000110
111001101101010
000000001001100
110111000101111
000100111111101
110111100011001
110110011011110
111010101011
110000110011011
001001001111011
1111011001011
110000101001011
1100000000001
110011110001010
001010011010011
111100010001101
001111100001000
000111010111010
111011001001001
111010011000111
110110101101001
111001101011100
111101100100000
11100100111110
001100101110000
11001000110101
000100001101010
000110011111100
001010100100010
11001110101101
111011101000111
11111110010
111101110110000
001011111000011
000110011000011
1101011110110
111001110101000
111001110000010
000001101010011
000010101000111
000001000010100
111001011010110
000000001110101
000010010101001
110100110111000
000111000101010
000000001010001
111000001000001
110010111000101
110010011011101
111101100110100
111101000010011
11010110010
111011101000100
001010110011111
001101000101001
110011001000100
001010101011100
001101100100111
11110111011001
110111101100110
000010001000000
111001000111011
11110100110
110011000111111
1101001001100
110001010011010
110101000001110
110011101000000
1111011001111
110100010100011
1101000001
000100111111101
110011011011101
001000000101101
111011011110110
111000000110010
111111010000111
001000111000101
000010101110111
000010101100001
111001001000010
000000010011101
001101100100011
000100101110100
110110100111100
001001111000011
11100111010111
110100111101110
111011101000000
110011110011110
001001011011011
111110101100010
000011011111110
001011001101010
111101111000101
110110101111111
001101111111101
000000000000100
111011101011
111000101100100
001010100100100
110100101010101
110111000001111
111001100001110
11001100010
111110011001011
000011100100000
111100101011110
1100111110001
11100111111111
111111010010000
001100001001010
111010111111000
001001110010111
110001011110110
110110010111110
000100110001101
110000000111000
000010110101000
000100010101101
111000110101110
000000011000101
111000110011100
110100100110000
000110001001101
110011100110101
11101101100
110111000010111
000100110100010
11010000000111
110101110100010
111100000010011
001011010110111
001011100110110
001110101100001
111010010111011
110001010011111
110010011100001
110111111111101
111001101100010
110011000001000
110000001110000
11100001110111
111111111011101
111101001111001
001011011111100
110010000110011
000101101111100
110100010010
1101101011011
111101111100000
110011010010110
000010100010010
001011100000001
1111011110101
110100101001001
001010010010010
110111010101010
000010111011000
000101111111001
111000100011010
001000101000110
110100100010011
000101000000010
000001101101011
001100000100001
110100011001
001110110111101
001001100100011
110010011
000000001101001
111100101111100
000111011001011
001000000111100
110111100000101
000011010001000
111110101110111
110011101001111
110111000001000
1110110101111
111011000101110
111111100111000
110100101
110001101011011
111100100011010
001101010101001
000001111100100
110000011111011
11111011111000
11011111101010
111001110101000
001011001000110
001000110110001
111110110101111
11111011010001
11110110011000
110000010010110
110001010101000
001001001100111
000111101000101
110111011110000
