111111111111100
000100001101010
110100100101001
001010101111000
000000110100000
111111110111111
111010000100110
111001010100010
110111111101110
111100001101111
000111111000011
000001101000010
111100111101100
000111010010101
111110010100010
111010000011010
000000101101100
110111000000111
111101010110010
111111000111011
000001011101100
000001000100110
000100100111000
000001001000101
000101010100011
111101001101011
000001101000001
111001101010110
000110110011011
111010111011111
110110101010011
111110110100111
000011101000100
111010111011100
000001011111110
000011011011111
111001100101101
111001111010010
000011010100001
111011111111101
000000001001000
000100000011101
110100101100111
001001110010101
000001000001100
000000000111010
111010101111111
111001100101011
111000000011111
111100101010100
000111011101100
000001001110000
111100110001101
000110101001111
111110101111010
111001111101010
000000101111001
110111101011000
111101011001110
111110101111001
000001000100101
000001000010000
000101000011001
000000100001000
000100110001011
111101100011111
000001001101110
111010001101001
000110000000010
111011010111001
110111001000010
111110110100100
000011100011000
111001111010010
000001100010101
000010101000101
111010010011000
111001101110111
000011010010000
111100010001000
000000011110111
000100001001011
110100100101001
001000101001101
000001010010010
000000010111010
111100010100000
111001111000001
110111111010101
111101100110111
000110111110011
000000101100000
111100011100000
000101111011001
111111011000000
111001101110010
000000110101100
111000101000110
111101010101110
111101110011110
000000010001000
000000110011110
000101110011100
111111011111100
000100001100010
111110100110011
000000100000001
111010110111000
000100100011110
111100000010110
110111111000010
111111001001001
000011011001011
111000000011111
000001100011011
000001011100100
111011011010001
111001100001000
000011010100110
111100100101100
000000100000110
000011111010010
110101000001000
000111111100010
000001011000000
000000100001001
111100110001000
111010001111010
111000010001000
111110000010011
000110011101110
000000011000010
111100100001010
000101010011110
111111101000110
111001110011001
000000110110001
111001000110000
111101010101100
111101101001100
000000000110010
000000101011010
000101110111101
111111001011100
000011110001100
111110111011111
000000001011110
111011010010011
000011111000111
111100011000100
111000011001100
111111001001001
000011001110100
110111101110001
000001100011011
000000111101001
111011111100001
111001010110010
000011010010010
111100110110011
000000011101110
000011100110010
110101100010101
000111011010011
000001011110011
000000101011101
111100111010001
111010100110100
111000101101000
111110011010100
000101111101111
000000000100100
111100101111110
000100101010100
111111110100010
111001110110001
000000110110100
111001010101011
111101010000001
111101101100010
000000001000011
000000100000111
000101110100111
111111000000100
000011011001010
111111001010111
111111111011110
111011100111100
000011011000101
111100100101111
111000110101100
111111000010001
000011000100001
110111101011011
000001100101111
000000100111110
111100010101100
111000111010011
000011010010111
111101000110011
111111101111000
000010111001101
110111010000111
000111110011001
000001010010001
000000100011111
111011001011100
111010111000001
111010001111111
111101011001110
000101011111011
000000001001110
111101111001101
000100010100111
111110111111101
111010100111100
000000110001001
111000001000011
111101001100111
111111100101110
000001010110011
000000001110100
000100100001010
000000001000101
000011110111110
111110001011111
000000100110110
111011011011001
000100010110100
111011110001001
111000110110001
111110000101111
000011000110011
111010000000111
000001011011011
000001101111110
111011100000111
110111000100000
000011001111001
111101000000100
111110101110100
000010100000011
111001100010110
001000000011110
000001001100000
000000000010100
111001000110101
111010110100001
111100011100101
111011011101110
000100111000100
000000011001010
111111010001110
000100001100110
111101100111101
111011111011010
000000100101110
110110011010111
111101101011010
000010010111100
000010010111010
111111111001000
000010110100110
000001011010010
000100111001100
111100100010010
000001101110001
111011010001001
000101101100110
111010011001101
111001000000110
111100101100011
000011010100100
111100001101111
000000111101110
000011010001101
111010100010011
110100101010111
000011000110011
111100110011111
111101101110100
000011010101011
111010110010101
000101100111100
000001110011100
000001001110111
111010010011101
111100011011100
111110001001100
111011100011011
000010100100101
111110000110101
111110110001101
000000011100111
111110101001000
111011001011111
000000010111000
111010000100000
111110010111100
000001111101011
111110110010000
000000111101001
111111101110000
000010101111101
000011101000111
111100000111110
111111110110100
111100101001010
000011010101000
111101010001010
111011011010111
111011000100011
000000010000100
111110101000001
111111110010110
000010100001110
111011100001001
110111010110011
000011100101101
111110100000000
000000000111011
000001111001010
111111001101101
111110011111111
000010100001100
111111111011101
111011011100100
111011100111110
111011000110100
111011100100100
000001101100000
111110011100010
111111011101000
111111101000011
111110111110011
111100111100110
111111100101001
111111001001110
111111100111010
000001010100011
111011110110100
111111110111101
111111110010001
111110111100011
000010111000011
000101010100101
000000001000001
111100111001000
000011001111100
111101111001001
111010010001000
111101100100010
000000010000010
110010000011110
000000011010000
111110001100110
111111010001111
111010101101100
000001111000111
111111101011111
111111110011001
000001100000010
111111111011101
111110101001101
000010001111110
111111110001010
111010100101011
111011111010010
111011110110001
111011010000101
000001010001100
111110101010001
111111111011011
111111011010010
111110110001100
111101011000111
111111011100000
111110110011001
111111101110010
000001111100101
111100011010111
111111111011010
111111000000111
111111110001000
000010111110111
000100111001011
000000010111000
111100110111000
000011110000010
111101101111000
111010010110010
111101001001010
000000010010010
110011010111000
000000011011110
111110110111101
111110110100000
111011000110111
000001110010101
111111110001000
111111010100100
000000111111100
000000101111100
111111001000111
000001111010000
111111100010011
111000111011010
111100001001111
111100110001110
111010101110100
000001000000100
111110111010110
000000101010010
111111010000100
111110010110011
111101110010011
111111001111111
111110000000100
111111110100011
000010111111100
111101011010000
111111111111001
111101111001010
000001000001111
000011001101011
000011111100100
000000110101111
111100101000010
000100110011101
111101010001110
111010001011111
111100100010101
000000010110100
110101011111010
000000100010100
000000000100111
111101111010100
111011010001000
000001101100011
111111110100010
111110101001010
000000001101001
000001111110000
000000000101010
000001011001111
111111010101011
110110111001100
111100100101010
111110000000011
111010000001100
000000101011000
111111010110111
000001101010100
111111010001000
111101101101010
111110011110001
111111000101011
111100111011010
111111101101001
000100011011110
111110111000101
000000000001110
111100011011101
000010100111111
000011100010001
000010101101010
000001011101101
111100001111101
000110001001011
111100101011100
111001111110001
111011111000000
000000011000001
111000101000111
000000100101011
000001100111011
111100101111110
111011001100100
000001100011101
111111110000000
111111110011101
000001100010111
000000000100001
111101110010100
000001010111100
111110110110111
111001111110110
111100000111111
111100010101010
111010011001011
000000110000010
111111001100011
111111111111100
111111010110010
111110110100100
111110011101100
111110111000101
111111011100001
000000110101001
000001101010110
111011111111001
000000011100100
111101100001010
000001000101100
000011000001010
000100000100100
000000111010011
111101010111011
000100101100110
111101110110111
111010101110101
111100110101101
000000100101100
110100001011000
000000100010100
000000001000101
111110001100101
111110101010000
000001000010100
111111111111111
000000111000110
000010110001010
111110010000011
111011110011000
000000101111111
111110000100001
111100100000110
111011100100010
111010011010011
111001100000101
000001001110110
111111011111110
111110011000011
000000010101111
111111011111001
111111001110010
111110100100001
000001111110101
000010000110100
111111001101001
111001001110110
000001001010010
111101101100101
000000001011000
000010111100001
000100101101000
000001000100010
111110010011111
000100011101011
111110101110010
111011000000011
111101110011010
000001000001000
110000011110100
000000010110110
111111100010110
111110111000010
000010110000000
111111111111001
111111110100000
000001010110010
000011010011001
111101101101101
111010101100011
111111111000000
111101000101001
111100100111011
111011000101100
111001001111100
110111100101110
000001110110111
111111111011000
111101111101100
000001011010011
111111010011011
000000011011110
111110001000010
000011010110001
000011001000101
111110011001011
110111101110111
000001101101001
111100001010010
000000101000000
000011001000100
000100010011000
000010000100101
111110101101110
000101110011101
111110101101011
111010101011101
111110001101010
000001010011010
101111110001000
000000001101010
000000100001111
111110011011001
000101111011110
111110110010101
111111011101011
000000110101000
000001101011011
111110010010000
111100100100011
111111011111000
111110001000000
111101010111001
111101001100110
111011111000010
111010011010010
000001100000011
111111000101101
111111010010101
000000110000011
111111010111001
000000010101000
111110111000000
000001100010110
000001010100111
111110101001011
111010111010101
000000011101111
111100111111110
000000010100001
000001000011111
000001110001011
000001101110011
111111100100111
000011001110111
111110100101001
111100111110110
111110110010010
000000101001110
111000001000101
000000001011111
000000101001010
111110101110101
000000110000111
111110111011011
111111010110011
111111011111010
111111100001000
111111111001110
111110110000000
111111110111111
111101100101101
111100111010001
111101111000100
111101100101110
111101001101000
000001001111111
111101000000000
000010011111010
111110101001011
000000010000001
111111001111111
111111101110010
111101011100010
111111010111001
000000100000010
111101111011111
111101110110011
111011101100111
000010110110010
111110101000011
000001110010110
000001010011100
111111110101010
000001010001101
111101110011100
111110011010010
111110101010100
000000011101111
111111111111001
000001001001100
000011011000011
111110101101000
111111001111011
111111011000100
111111000011001
111110101011100
111110101101010
000001000111111
000000000000001
111111101001110
111101011011011
111011000000111
111110000011100
111110011110111
111100100110001
000001010110010
111101001110110
000011100011000
111110110111110
111111101000001
111111011111101
111111101111010
111100001011010
111111000100011
000010010101010
111111011010100
111101110001001
111010010111001
000100011011001
111110111000010
000000101100010
000001110101010
111111001100001
000010011111000
111101001100011
111101111101001
111110001100010
000000011000011
000011001001101
000001001001010
000100111000011
111101100100111
111111000000110
111111010100100
111110110110110
111111011000010
111111011110111
111111110101001
111110101010001
000000000110101
111101100000001
111110000111111
111101110000001
111101001010110
111101111000000
000001100100011
111100100111010
000010011101100
111110101110111
000000110010001
111110101011010
111111111101100
111101101111010
111111010011001
000000100011110
111101100000010
111101101100100
111011111001100
000010111010111
111110000101111
000010010100001
000000110100000
111111111000000
000000010101000
111110010101010
111110101110000
111111001110001
000000010011000
111111101110001
000001000111000
000011001010001
111111001010001
000000011101111
111111010011000
111111000010111
111111011101101
111111101000000
111111100101010
111110011100101
000000010011100
111101011101101
111111001100111
111101101001011
111100110000001
111110010110010
000001101101011
111100011001110
000010001100000
111110110001010
000001001001010
111110011011111
000000000110111
111110001000011
111111010100000
000000001110110
111100111110011
111101100110001
111100001101011
000010100111101
111101101111000
000010110010100
000000011100110
000000000001110
111111100110010
111110101101101
111110111110010
111111101001110
000000001010001
111111000111010
000001000100010
000010110011001
111111101001010
000001010110001
111111001111111
111111000000101
000000001111110
111111111111011
111111010101110
111100110000001
000000001000010
111101001010101
000000011000001
111101001101000
111010110110111
111101001010101
000010110010011
111011110101010
000001110010001
111111011101001
000001001001001
111111000011100
000000000101010
000000010000101
111111101001110
111111010000100
111010111001110
111101100010101
111011010001111
000001101010000
111100111000010
000011011111000
000001001000000
000000100100001
111111100100000
111110111110001
111110110100111
000000101111001
111111100111010
111110011100110
000000101100101
000010010111100
000000010101011
000010010100001
111110001000011
111110101000101
000010001011001
000001011101111
111110001000010
111000101101000
111101100101101
111010100101101
000000100110101
111011010001100
110101100100101
110101011010101
000110011010101
111100100111010
000000011001010
000011110110100
111111110001111
000011010110101
111110111111000
000101110110001
000010100000111
111101010111011
110101011101001
111111000100101
110101110101111
000010000000111
111100101110111
000010001101100
000101011101011
000001100110000
000100010111000
111110011100001
111100110011101
000010101110000
111111101100010
111101111000110
111111100101100
000100110101111
111111000011111
001001110001010
111001100011010
111100101111001
111111101101010
111110110010110
000001110000110
111100111111100
000000111101110
111101101000101
111111001111110
111101011100001
111011000011110
111101011001110
000011001001000
111010100101000
000011010111000
111110100010110
000000101010010
111110100011110
000000100001110
111111110110001
111110100010100
000001010111011
111011101010100
111100011011000
111001111111011
000001111100000
111011111011101
000100011110100
000001010000010
111111111000000
111111010001001
111110100110111
111110011110110
000000111001110
111110010010000
000001101100000
000000011101100
000010011100110
000000100110010
111111100101100
111110010001001
111110101001111
111111110001001
111111100010010
000000010110100
111101110101010
111111111010001
111110110011010
111110011001010
111110100001000
111101100010000
111101111111100
000001110011110
111100111111000
000010001110100
111111010100001
000000001111001
111110111010011
111111111100011
111111101000011
111111001110111
000000110011010
111101000100001
111110001110000
111011111010110
000001100101001
111101110000011
000001111001110
000000110100111
000000000100000
111111111001110
111110110001101
111111000111101
111111111101100
111111011011101
111111011001010
000000011111011
000001011010000
111111100100100
111101110001110
111110111100011
111111011100110
111010110111111
111111110111101
000001000001101
000011001110000
000001111001101
111111011100111
111110101110100
111110000100101
111110000011110
111010111000011
000011110000010
110101111110101
000100010001110
111011111100100
000001001010001
111011110001001
000010000110010
111011111001101
111100101100001
000110000010000
111011011001100
111100110110011
110011111101000
001010000000001
111010101001001
111100000110100
000000010000100
111111101101100
111101111010010
111111011101100
000000001111010
111100001001011
111011000101100
010100111100000
111110011001101
001000111110100
111101000010111
111110100000100
000000000101001
111101001101010
111100110111011
000010111110000
111100110111001
111111100000111
000000001101001
111101101100010
000010100001000
111100010100001
111001010100000
110110001111111
000101111110001
110110011111000
000000110100101
111111000010100
000001101101000
111110000000001
000001010011110
000001011001000
111111101010110
000001101000100
110100111001101
111110111010001
110010001110000
001001001101101
111010101111011
111011010001101
000001111011000
000001100000101
111111011000101
000000100111100
111111111000001
111101100111010
111011101100000
001111111001011
111101011111110
001001011000111
111101001001101
000111000100100
111101001111011
111100000100111
111011010010101
000001111010010
111110001111000
000010001110100
000010110100010
000000011010100
000010110110111
111101111010101
111100111100101
111100001000010
000011101110001
110100001110111
000010010000011
111010101101011
000010110000111
111010000100001
000010100010110
111101110000101
111100101111111
000011010011010
111000000100011
111101001001101
110101011101010
001000100101010
111001101100110
111100100011100
111110011110111
000000111110110
111010100101011
000001010011001
000001110011000
111100001011101
111010001011111
010010110000000
111101110110101
000111000110010
111110110000011
111110111000101
000000110111001
111101011101111
111010111010101
000010010111001
111101110001010
000010101001110
000010111111001
000000101111110
000010110010101
111101111100111
111101001011011
111011110110000
000011110000000
110011100101101
000010001011000
111010001010010
000010110101101
111001100101001
000010101001010
111101100010101
111100100111110
000011010110010
110111101000110
111101010001000
110100110110111
001001001101101
111001101001000
111011101011101
111110010011011
000001000101111
111010011000010
000001011101000
000010000010100
111011100011000
111001101110000
010100010100010
111101101000000
000111100110010
111110011100001
111110010011111
000001001100111
111101011100101
111010011011101
000010010110010
111110001001111
000011001010001
000011000111100
000001001011010
000010000110110
111110000110111
111101011110000
111011000100011
000011111111100
110010110011111
000010100100101
111001101110111
000010100000101
111001011111010
000010110011111
111101010100011
111100001110000
000100000110001
110111100011011
111101001011010
110011100011001
001001111101001
111001010100100
111010101010111
111110100100011
000001000100010
111010100010111
000001010100000
000010000100111
111010111101011
111000111010011
010111011100000
111101001110111
001000010100010
111101111111011
111100110110111
000001010010001
111101001111110
111001101011100
000010100001110
111110000100101
000100010101000
000010101110110
000001000100101
000000100011100
111110000110111
111110001000110
111001101100100
000100000100110
110010110111101
000010110011100
111001110110010
000010000010001
111001101101101
000010101100010
111100011100100
111100010110101
000100111110110
110111111011110
111101101001110
110001111100111
001011110100100
111001111010000
111000100111101
111111000110001
000000110010100
111011111010100
000000111100001
000001110010001
111001111001001
111000110011111
011010100000110
111101000000101
001010001010111
111100100001100
111101010010110
000001010101000
111100111110111
111110001001000
111100011011010
000100000010101
111110100101011
111110001010100
111000111000101
000000100100001
111011110011111
111000011100101
110111101110001
000110010000110
111101101001000
000011001101100
000101111110010
000000000101111
000011001010001
000000101011010
000000100101010
000000111001100
000101011000111
111100100111010
111101110100001
110101111110001
000111001000000
111100000001000
000000101001101
000100011100110
111110101000100
000011101110011
111110011011100
111100010101000
000011010001010
000000011000001
000111110100101
111111011101111
001000011001111
111101101100100
010001000011110
111001010001000
111011010011100
111010111001110
000001010101101
111111010111101
000100101111111
000001000011110
000001010001000
111100110100100
111111100010101
000000110111011
111010101110100
000001111001111
110111111011011
000010110011110
111011110110001
000000010011000
111011111010010
000001011100110
111011111110001
111100111111001
000100100011110
111100011000110
111111000111111
110101100010111
001001010100000
111100111101011
111000101110101
111111111001001
111111110000000
111110101110000
111111110010100
000000110001001
111010000111111
111011010010010
010100111110111
111101110110111
000111101001011
111011111100111
111010101100111
000001100011000
111110010000111
111110010101010
111100101010011
000100111001011
000000001101100
000000100110011
111100111111000
000001100001011
111110100000010
111011110111000
111110000101100
000010111110011
111011110110100
000011110111101
000001010101011
000001001111011
111111010100111
000001101011011
111111100100100
111101101000110
000011010010000
111111000111100
111100110101000
111011100110001
000010101011110
111011100001000
000011001100100
000000110100111
111110100001111
111101010011111
111111110011001
111110101110010
000001110101011
111110110000011
001000000001000
111111001111101
000010001101010
000001011001000
000011110101000
111101100101010
111101111100001
000000111111101
000000000010110
000000011111101
111011101100110
111100110101001
111001010110000
000011011001111
111011111110111
110101101001111
110101001010110
000110010111001
111110100011101
111111111111111
000111100001100
000000100001100
000100100100100
111111111001110
000110011111100
000010011111010
111110101011010
110111111010100
000000010001110
110111010101001
000011001000000
111101000000001
000000101001001
000101001011011
000000001010001
000011000110000
111111111110101
111100101100111
000011101100111
000000101010100
000010100010111
111110001100001
000100111011001
111111100100000
010001010100110
111000011111100
111011111100010
111111110110101
111110100010101
000010001000101
111110010110110
111110101100001
111011011011101
000010001011000
111101011110011
111001010101001
111010001111111
000100001111111
111101011011011
000001110000000
000100000000011
000000110110111
000001011111010
000000101110111
000010110011110
111111110111101
000000100100100
111011011010110
111110110100101
111010010000110
000010011110101
111100011110001
000001110100000
000010110010100
111111100001111
000000000100000
000000001010011
111101111001110
000010100101010
111111101101101
000100110111011
111110100111100
000010111011010
000000100110000
001001101001001
111011100000010
111101001111001
111111011101110
111101111010011
000011010010000
111111000111010
111110101011100
111011110011111
000000010011010
111101110111100
111010010001110
111001111100000
000100000111011
111101010111110
000010101111010
000011101001000
000000001010001
000001100110011
000000101110110
000001111011000
111111010100000
000001110000110
111100101000100
111110100110011
111001011011101
000010111111100
111100100011110
000001001110101
000011001111100
111111001001001
000000110010100
111111100100010
111101101001001
000010000011000
111111010101000
000111011110000
111110100100011
000011011010111
000000000001101
000111000111001
111011101110100
111101010011010
111101111011111
111100101000100
000100111111100
000001111111100
111111111001110
111101011100000
111110000011101
111111001001010
111101110101010
111101001010010
000010010100001
111100110011101
000100011110100
000001000101111
000000000011101
111111100101100
000001010001110
111110001110110
111101011000011
000100000111101
000000011000111
111101101010101
111010101110100
000011110000010
111100101111011
000000111010110
000001101000011
111110001100101
111111010111110
111111001011111
111110010011010
000000011001011
111110110000101
001010111001100
111110111110110
000011001001111
111111110010000
000001001011011
111110001011001
111110001111110
111110000011010
111100110110101
000100100110111
000010001001110
111111110001100
111101011010101
111110001000010
111111001110011
111110000011010
111101011111110
000010000000000
111101010011011
000100001101010
000001001110011
000000001011001
111111100011100
000001001011010
111110001111011
111101100100000
000011101000100
000000100001001
111101111110111
111011011001111
000011100010001
111101001001110
000000111011101
000001011011111
111110001101101
111111010100001
111111010110100
111110010111010
000000010100110
111111000111011
001001110101011
111111000010010
000010110100011
111111110101001
000001100000111
111110010111100
111110011101100
111111001111011
111110011010011
000010101000001
000001001000010
111111110001111
111101100010100
000000111111110
111111010010110
111100110100011
111110001100010
000001101101001
111101000101111
000010110011001
000001000111110
000001010101111
111110110101001
000001001000111
000000010110010
111101110110000
000000100010100
111110001111110
111110101001101
111101011100111
000001100010010
111101000111001
000010010100001
000000101001011
111110111010010
111101001111001
000000101100111
111111000101011
000000110011011
111111011110101
000110011000111
111110110000000
000000100011011
000001100111011
000010010001101
111110101001101
111111000001001
111111100111010
111110100111010
000000111111011
111110010001010
111110100010100
111101101000101
000000000111100
111110100111101
111101011011101
111100000101001
000010011100101
111111001000011
000000011011100
000010000001110
111111110110000
000001010011110
000000001011111
000000111001011
000000011101110
000001000101111
111110100011001
111111010110001
111101001010100
000010011100111
111110100001001
000000000010111
000001111110011
111111101000100
000000111010010
111111010111010
111110101010000
000000010111001
111111111100110
000011011010101
111111001110011
000001111101110
111110010001100
000011000101100
111101010010100
111110001000111
000001000100011
000001011001110
111101010111111
111100101001111
111100100001010
111011011101111
111111111010111
111100111001000
111001101100010
110111001101100
000011111101011
000001011001001
111101110110101
000110010011100
111111001011100
000100010110110
111110111000101
000100100010101
000011010101010
111101010110111
111001101101110
000001111111100
111010001010001
000010000000101
111111111110011
111101010010010
000100000001010
000000101100010
000101001001101
111111011101000
111101001110100
000001100101000
000001000100111
111101000100110
111110111000000
000011110000000
111101011010010
001100100001111
111010101111011
111101010001100
000001010111001
111100011101001
000010100011101
111000110010100
111100010100101
000000001100010
000111101001000
000001000100001
000001011001101
111011100101011
000011101101101
111110001101001
111110110110011
111101000110010
000001000100010
000000010110101
000000111100110
000010010000010
000001100011101
000100000000011
000100011011000
111101111010000
000110001110001
000101101000110
111110111110100
000101110001010
000011110110110
111111000111011
111011111111000
111111110000000
000001000101111
111100111100010
000001011100011
010010001100000
111101101100110
111110100001010
111010111001011
110100010000010
111101001100100
111101101000100
000001000001000
000001011100111
111101001110111
111101001100101
111100110100010
111100000111011
111111101111001
111101010010011
111010011010101
111000001110110
000011011001010
000001010100100
111101110111000
000101100111101
111111001011100
000011110000100
111110111110101
000011111010110
000010110011011
111101001010000
111010011010110
000001110111000
111011000110111
000001100001010
000000010010111
111101011100011
000011011011000
000000100010001
000100100110111
111111011110101
111101011100001
000001001111000
000000111111010
111100110010110
111110111110110
000011001000010
111101100011001
001010010010111
111011100010110
111101100111011
111111010010001
111111011100000
111111101110011
000000100010011
111111110100011
111111001100111
111111000100000
111111010100010
111111001010110
111111110000000
000000011101101
111111010101111
000000001101100
000000101001000
000000000100101
111111010011111
000000010011111
111110111010101
111111001000111
111111101010110
111111100010110
111111011101000
111111011110100
000000011100001
111111011001100
111111101011111
111111100010111
111111011110001
111111011101111
111111101101101
111111010011100
111111110001100
111111101100000
111111001111111
111111110101011
000000001010111
111111011000111
111111100111011
111111111000010
111111011101010
000001111000111
000000010011001
111110001101001
111010010111111
111011011110100
111101001000101
000011000010100
111110010111100
111100000011111
110111001000000
000100010110100
000000111011001
111101001111100
000011100110101
111111100000000
000011101110100
111111010000011
000100110011001
000011011110011
111110111011101
111101001000101
000001001100110
111110110001101
000011011100000
000000100010000
000000000000101
000100111010000
000000001100101
000010111000001
111111011001000
111110010100001
111111101000001
000001101111001
000100101110111
111110001010100
000001111101001
111011100010011
000011010011100
111011000101010
111101001000100
111111000010000
111111010011010
000000000000100
000001010111101
111111100100100
111111010110010
111101011001101
111111011110110
111111110011000
111111000110010
000000011010100
111111101111100
000000100111010
000000110011000
111111011001110
111111100110100
000000001000110
111110001001110
111111000000011
000000011010010
000000011011011
111111101000010
111110110100110
000001000100100
111111111101101
111110110001110
000000000011111
111111000001110
000000101000110
111111000101011
111110110110110
111111001111100
111111101110111
000000110111111
111111110111000
000000111010011
111110100000001
111110011011100
000000000010100
111111011010101
111011111001010
000110100011111
111000111000011
000100101101111
000001110011100
000101010101010
111101000001010
000000001111101
000001110100110
111010101111010
000000110100000
110110100000101
111110111001100
111000101101010
000000000100100
111001111010000
000001001000101
111101101111010
111100111011101
111110101100000
111000001110110
000001001001010
110110111001000
000110011011001
111110010110011
110101000000110
111110010000100
000001110000000
111101010000000
000000111110110
000010100010001
110111000100011
111000110001000
010011001111010
111100101000101
000100111110111
111011110010100
110001011100000
000100100110001
111111011110010
111100111000111
000100110100110
111010001011011
000011110110101
000001000110111
000011100001011
111101101100011
000000000001101
000001011110101
111100101010001
000000001111011
111001101110110
111110110001010
111011001000010
000000001111100
111011010111010
000000101111110
111101110100000
111101111010000
111110100001000
111010100110011
000001000101101
111010010000011
000100101101001
111111010000111
110111110010110
111110010010110
000001000011110
111101111100100
000000110000000
000001101100111
111001010110100
111011010011000
001100001010111
111101101110101
000011011011010
111100101010100
110110011011100
000011100101010
111111101100011
111111001001011
000011100101100
111010000101100
000101010001000
000000110011011
000001100110100
111110101010101
111101110000101
111100100011100
111101111010110
000011100011111
111100110100111
111111001011101
000000100110111
111111001001000
111011101100100
000000111101011
111100100011100
111100101001101
111110000001001
111101000100001
111111100001011
111110011101011
000000110110011
000001000011111
111110010001010
111111100111101
111101111101110
111111110101100
111110101100010
111101110110100
111110010110100
111101110101101
000011110000011
111111000100100
000001100110110
111101011011111
110110100001111
000010101000101
111110001010011
000000010111101
000100011110001
111000101100101
000100000000100
111111010001100
111111110101011
111111000011101
111100010111100
111001011011101
111010011110001
000101100011011
111110011000010
111110000011000
000100000000001
111110011110001
111101110110111
000000010101111
111110101011111
111110001100110
111100100110110
111010111110110
000000011110101
111101000110000
000000101101011
000001111110101
111110001001010
000001101101111
111101111100000
000010101111110
111110001100110
111100010000101
111111110110001
111110111010010
000000111010110
111110110111001
000010110000011
111100100100111
111011011110111
000000011100100
111101000000111
000000001011101
000011101000111
111001100000010
000100111110001
000000000111110
000000100110111
111111000110111
111100100100110
111010001001000
111101000001111
000101010101000
111110010001001
111110111101001
000011011011101
111110100111011
111100011101010
000000110010011
111101000101111
111100111100100
111101100011001
111100110010110
111111011111110
111111000000100
111111110010100
000001110110111
111111111001101
000000101100110
111101010000001
000001010111110
111101111111100
111100010100110
000000010100110
111110111100000
111111101101001
111111010110010
000001011011010
111101010010000
110111111011110
000001100000110
111101011000011
000000010001111
000011000010100
111001111101001
000101101011111
000000101010111
000000110110111
111111001010110
111100100000101
111010000010101
111110100010111
000101011011101
111110010101011
111111011011110
000011011101000
111110100110100
111011101101010
000001000101100
111100000100000
111100000100101
111101110111010
111110000100001
111110110000101
000000100001011
111110110100111
000001111011110
000001011001101
000000001111111
111100100101111
000000110001101
111101101100100
111011111101110
000000111011011
111111000110001
111110100100010
111111101110001
000000100000101
111101110011110
110101111010000
000010000101110
111101011011011
000010100001011
000101010111010
110110110111101
000010011001100
111101010101110
111101011000111
111111101110100
111001111011010
110100000111110
110110001101111
001001001101001
000000111000001
111100110010001
001001101000000
111101010100001
000000100010101
111111101000010
000001010101101
111111111000010
111010111000001
111000100111111
000001010010110
111100001011111
111111011110100
000011010101110
111111011110110
000100110010110
111101010100101
000110111001111
111101000010100
111001010010011
000011000000010
000000110000001
111010111010100
111110111001010
000011100110001
111011101100000
000000111011101
111101010101111
111011001011100
000000000011101
000011110011010
110111110010101
001000001010000
000000011101100
000000010101100
111111110111010
111011110011111
111001110110111
111111101111101
000101011110000
111111111111000
111110011111111
000100111100000
111111000010000
111010101101001
000001000111001
111010000001000
111100001000001
111101010001010
111111001110100
111111010111010
000010111010110
111111010111000
000011111101001
000001011110000
111111011000011
111011100010101
000001001010011
111101101010100
111011010100001
000001000000011
000000110100101
111011000010001
000000010011100
000000111011111
111100111100100
111000010000101
000011000100011
111101001101001
000000000010011
000100001010111
110110111000101
001001001100000
000000100000101
000000001011111
111111111010100
111011011001110
111001100011101
000000000011100
000101101110000
000000011100111
111110001000111
000101011111010
111111000101101
111010001111101
000001001010100
111001001100001
111100000100001
111101000010000
111111100101101
111111011111110
000011101111111
111111011110110
000100101000010
000001011101100
111111001101001
111011000011110
000001011001100
111101100000110
111010111000100
000001000001000
000001010010110
111010001101001
000000011110011
000001001001000
111100100110001
111000110000111
000011011110100
111101000010000
111111110100011
000011000001101
111001010010010
000110000111100
000000000101000
000000011101000
111111111001011
111100110001101
111011011100001
111111110010110
000100001100110
000000000000010
111110110110011
000100000001110
111111011011011
111011100011011
000000110011101
111011011000101
111100111110111
111101111101101
111111000011011
111111110000110
000010001010000
111111110000110
000011000101000
000000110010011
111111001100011
111100101100100
000000101000110
111110010111000
111100100010111
000000100101001
000000110101111
111010101010100
000000010000101
000000100000010
111101011000010
111001011000001
000010010110001
111101111100101
000001100100100
000101001111000
111000111110100
000010000101100
000000010110100
111101000011001
111001110111000
111010101101101
111100110111010
111010010111000
000100100101001
000010111011111
111011110111110
000011010110111
111110110100011
111111010101001
111110101001010
111110001001110
000101100101110
000000110111100
111100110100111
000010110101001
000000111010011
000011101110010
111111010000101
111010111011001
000100110011110
111100110011010
000100010011011
111011111110110
111011101110100
111101000011010
000001100011000
001001100000100
111111101011010
000010110010010
111011111000010
001011010010110
000000001010101
111110111110110
000000100101000
000010100001000
111100011001101
000001011100110
000000110001010
111111000111101
111100011010000
111101011000100
111111101000100
111101111100110
000010001101100
000000110011001
111101111110101
000000001110110
111111101011101
111101111110110
111111100101011
111101100011110
000010011101001
000001100110001
111111100010110
000000111110100
000010101100111
000010010100011
111111000010000
111101111010110
000010001010110
111101100001001
000000010110001
111101011011110
111101111011011
111100111101101
000000110110111
001000001011011
111111101111010
000000001101000
111101101000010
000001101001110
000001010001110
111111110011111
000001111101011
000011101101010
111010111000011
111110100011011
111110010101110
111101001001000
111101011011110
111100010000000
111100100011100
111000001111111
000100010101000
000010000011000
111100010000101
000011011001000
111111000100100
000001001101010
111110101011100
000001010111111
000101000001001
111111111101011
111100010101100
000010100110110
000000001011110
000011001111001
111111110110101
111100101101101
000101001010100
111110010010001
000011101110101
111101010011100
111100101111111
111101101010010
000001111100100
000111100000110
111110111011111
000010000001001
111100000011011
000111011111110
111110000110110
111110011100001
000000111010101
000010001011011
111100110000101
000000010111011
000000010100111
111111010100010
111101011110010
111101101011010
111111111100100
111101000110110
000010100100001
000000100000111
111101110001010
111111101000101
111111110100111
111110000100011
111111101011010
111110000101100
000010101110010
000010000011011
000000001010111
000000110111001
000011110101010
000010110100100
111111000101110
111110100110110
000010110100011
111101100000011
111111110110111
111101011100000
111110000110000
111100010101000
000001001110000
001010110001000
111111010110111
111111110010010
111101001000001
111111011010001
000000111111010
111111100111010
000011100001011
000101000010010
111001001100001
111011100110000
111100000000011
111011010100100
111110100010001
111010111110001
111001110010111
110010011101000
000110110011100
000011010101100
111010010011100
000110001001110
111110100001010
000100000100001
111101110101000
000100111001100
000111111110100
111110111011010
111001101010000
000100001101100
111110101001011
000100101011001
000000100100111
111011101010110
001000100100001
111110101111000
000110110110010
111100111001100
111011100000110
111101110011101
000011001110000
001001000011010
111110000010010
000011101011000
111010000100000
001100100110010
111011001010000
111101000011101
000001111000111
000010111011110
111011110000111
111110100111110
111110110100110
111110010101100
111110011111010
111101000011100
111110110000000
111001101100001
000100000010111
000001010100100
111100011111001
000000111010001
111111101001101
111111100001101
111111001110001
111111111101111
000100100111001
000001101110111
111111001010000
000001110101011
000011110010001
000100001000001
111111101010001
111110001110100
000100111101110
111101100100001
000001010100100
111101001100001
111101011111101
111011111100110
000010001111000
001101001010010
111110101101100
000000100111011
111011101001001
000001101011101
111111011011110
111110110100011
000001011101001
000010001001111
111100101100100
111111010100010
111111110001010
111111011011110
111110101101011
111101101111011
000000100100011
111011111010000
000011010101110
000000100010001
111101000110010
111110110111110
000000000010100
111101111010111
111111101111010
111110010100111
000011101010001
000011000001000
000001010100000
000000111011001
000110000010011
000100001010100
111111010011000
111111010001100
000100000001100
111101000100110
111111010011000
111101001001111
111110001010010
111011000011110
000001111110110
001111110011101
111110110101001
111111011101001
111011111011111
111101001101000
000000110110010
111111010101101
000001001111011
000011110101101
110111011000000
000111111010101
111110011111100
000000100100110
000100100100001
111100010110101
111001100011101
111101111001001
000110101110100
000000010000000
111110000100001
000101011111100
111111101011101
111001110011100
000001100110010
111010011110000
111011011111000
111100110010100
000001010100000
111111011100000
001000000110000
111111110100101
000110111011111
000101001001101
000000100010010
111010010100111
111111011101101
111110000101011
111011000011001
000000000111001
000011100000100
111101010100110
111111001011100
111111000010100
111011110100000
110000000110100
000011001000111
111100011011111
