000010010111010
000110111001100
000110011010000
000011110001000
001000001110010
000011001001010
000011110100000
001010000010010
000110000010010
000110100111000
000101111000000
000111001011000
000101000001100
000110010000000
000100101110010
000100001001100
000101110010010
001001101000110
001011111110110
000100101011110
001000111011000
001101100001010
000100111100100
000101111110000
000100111101100
000100011110010
001010000000110
001110011111000
000011010011110
000010101000100
000101101000010
000100000000110
000101100110100
001011110101110
000100110100110
000010011001000
000101100101000
000111111110100
001100010101010
001101011011110
000101111100100
000101000000000
000011011110100
000110001100110
000100000101010
000111110111000
000100010101110
000110111100000
000011000001100
000100110000100
000011001010110
001101110110010
000011101101100
000011100100100
000100011010010
001011000100110
000101111100010
000011101110010
001011000110000
000011111100000
001010111101010
000011010000100
001100111110010
001001000110000
000011110010100
001110100101010
000100100111000
000111110001010
000011000101110
000011101111000
000101000100000
000111100010010
000100110001000
000101001110000
000111110000110
000010111011100
000111000010100
001011100001100
001001000011000
000011111100110
000101000111100
001010010001110
110000110011110
001000110001100
000110011000110
000101100110010
000100110110000
000100101001110
001000101111100
001000001010010
000101110110110
000101010011110
000101100000010
000111101010000
000101111000110
000101110110100
001110000110110
000101111011100
000011101001100
110100000110110
000100110110100
000011011001110
000011000011000
001000111010000
001011010000100
001001000110110
000011100100010
000100010100000
000111010100010
001011111010110
001010011010010
001001001101010
000110000101100
000101011001010
001001101101100
000101000001100
000111100000000
000011010111110
000101001100000
110011000001110
001001101001000
000111100001010
000101100010110
000011100110010
000111110101110
110000000010110
001000101011010
000101100101100
001000010101000
000100101110110
000111110110110
000111010010010
001001010110110
001101000000010
000011100100000
000101010001000
000110110011010
000111111011110
000101010001100
110100110011100
000100110100010
000010111100010
000011111100000
000100010010010
001100111110000
000101000000100
000101010101100
000100000111000
000011011010110
000100000000000
000111011111010
000111101110010
001011101100100
000100111110110
000100011011110
000111001111010
000110010010010
000110100001000
000011110100110
000110100000010
000111100100010
000111110001110
000100111010000
110011101001010
000011110101100
000111010100010
001010001001110
000100010011110
000111111011110
000011110001110
000100010111010
000010111011110
000101010100010
001100101100100
000100110000100
000011101001000
000011101011100
000100110000010
000010111000010
000101000101000
000111111111100
000011010011100
000110010001000
001000010111100
000110101001000
000011001010010
000101111000000
000101110011010
001000100001000
000101011010100
000100011000010
000011101000000
000011010011000
000100000001100
000100100111000
001010011111010
000100011000000
000100101100010
001001000000000
000101110000010
000111011111000
000011000011000
000011111101010
000110011101110
000110100010100
000101111100110
001000011011110
000011101110100
000011101111110
001010001100000
000110010111110
000011000010100
000101110001110
000111100110100
001000100111100
000111111010100
001000011000000
000110100010000
000011100010100
000110101000010
000100011000010
001011111111110
001010010010010
001000000010010
001000001000110
001000001001000
000011001101000
000111111011010
000101111001000
000110011110110
000111001011010
001000111000100
001000110001110
000101001010010
000101101010110
001010101011000
000011010101100
001010100000110
000011001000010
000101101010000
001101001101110
000011011101110
000010000110011
001011011101110
000111100111010
000111101110100
000101001100100
000101100001000
000100000110100
001111100001010
000100011010100
000111011110010
000110101111000
001010100100100
000100000010000
000110011001000
