111111111111011
111111111111000
000000000000100
000000000000100
000000000000010
111111111111110
000000000000010
000000000000110
000000000001000
000000000000110
111111111111100
111111111111010
000000000000100
000000000000110
111111111111000
111111111111000
000000000001000
000000000001000
000000000000110
000000000000000
000000000000100
000000000000100
111111111111110
111111111111100
000000000000100
000000000001000
000000000000000
000000000000100
111111111111000
111111111111100
000000000000110
000000000001000
111111111111110
000000000000000
000000000000000
111111111111100
111111111111100
000000000000100
111111111111110
000000000000000
000000000000110
111111111111100
111111111111100
111111111111110
111111111111110
000000000000100
000000000000100
000000000000010
000000000000110
000000000000100
000000000000010
000000000000000
111111111111010
000000000000100
000000000000110
111111111111100
111111111111010
000000000001000
111111111111100
111111111111000
000000000000010
000000000000110
111111111111110
000000000000000
111111111111010
000000000000100
000000000000000
000000000000000
000000000001000
000000000000100
000000000001000
000000000000100
111111111111010
111111111111110
111111111111000
111111111111010
111111111111010
111111111111110
000000000001000
111111111111110
111111111111100
111111111111110
000000000000000
000000000000010
000000000000000
000000000000010
000000000000000
111111111111100
000000000000000
000000000000110
111111111111000
000000000000110
111111111111010
111111111111010
000000000000100
000000000000000
000000000000000
000000000000100
000000000000010
000000000000100
000000000000010
111111111111010
111111111111110
000000000000000
000000000000000
111111111110110
000000000000010
111111111111100
000000000000010
111111111111010
000000000000000
000000000001000
000000000000110
111111111111010
111111111111010
111111111111010
111111111111010
000000000000100
000000000000110
000000000000000
000000000000110
000000000000110
111111111111110
000000000000000
000000000000110
000000000000010
000000000000110
000000000000100
111111111111010
111111111111110
000000000000010
111111111111110
111111111111010
000000000000110
111111111111110
000000000000110
111111111111010
111111111111000
000000000000010
000000000000100
000000000001000
111111111111000
000000000000110
111111111111010
000000000000000
000000000000110
111111111111100
000000000001000
111111111111000
111111111111010
000000000000010
111111111111110
000000000000100
000000000001000
000000000000100
111111111111000
111111111111100
111111111111110
111111111111110
111111111111010
000000000000000
111111111111010
000000000000100
000000000000000
111111111111010
111111111111010
111111111111100
111111111111100
000000000000000
000000000000010
111111111111000
000000000000010
111111111111010
000000000000000
000000000000110
111111111111000
000000000000110
000000000000100
000000000000110
111111111111110
111111111111010
000000000000010
000000000000100
000000000000110
111111111111010
000000000001000
000000000000010
000000000000010
000000000000110
111111111111100
111111111111110
111111111111110
111111111111010
111111111111000
000000000000010
111111111111110
000000000000000
111111111111100
111111111111110
111111111111100
000000000000000
000000000000110
111111111111000
000000000000010
000000000000000
000000000000000
000000000000000
000000000001000
000000000000010
000000000000110
111111111111000
111111111111010
000000000001000
000000000000100
000000000000000
000000000000010
000000000000110
111111111111100
111111111111100
000000000000110
000000000000100
111111111111100
111111111111100
000000000001000
000000000000010
000000000001010
000000000000110
111111111111010
000000000000010
000000000000000
111111111111100
000000000000010
000000000000000
111111111111100
000000000000000
000000000000110
111111111111100
000000000000010
111111111111100
111111111111010
000000000001000
000000000000110
000000000000110
000000000000000
111111111111010
111111111111110
111111111110110
111111111111110
000000000000110
111111111111010
000000000000000
000000000000010
000000000000110
000000000000110
000000000000010
000000000000000
