000000011001100
000000100011001
000000100001111
000000100000110
000000011111000
000000011100000
000000001111110
000000110001100
000000010001110
000000100000100
000000010101110
000000100110001
000000011101110
000000010110001
000000011101011
000000100110010
000000011101100
000000011010110
000000011000101
000000011000111
000000101101101
000000011111111
000000100001100
000000111010100
000000011011011
000000011010001
000000100101010
000000100011101
000000011101100
000000011011010
000000011000000
000000011001100
000000011001100
000000101010001
000000100000101
000000100011001
000000100110000
000000101001010
000000100001010
000000110010100
000001001010111
000000011011111
000000011100100
000000011011011
000000010111110
000000011010110
000000010100001
000000100001010
000000011010110
000000011011011
000000011110111
000000011110011
000000100101111
000000011011111
000000100000011
000000011010101
