111111111101110
000000000001100
111111110111000
111111111011101
111111110101000
000000000100110
111111111111001
111111110100111
111111110011100
111111110011011
000000001100101
000000010100101
000000010100011
000000010011011
000000000010000
000000000001100
111111111001111
111111111010011
111111110111101
000000001100001
111111101011111
000000000101101
111111110011110
111111100010000
000000000110111
000000000010100
111111101000101
000000001101100
000000001111000
111111111101001
000000000000000
000000001101010
111111111111000
000000000111110
000000010001000
000000000101010
000000010101011
000000000110010
000000010100101
111111111000001
111111110010011
111111111101100
111111111001001
111111101101000
000000001001100
000000010100000
111111111010011
111111111010100
000000001010000
111111110101011
111111110001101
111111101101111
000000010010100
000000000000100
000000001101010
111111111011111
