36 13.375 12.03125 1.34375 0.00025278727213541666
50 -55.703125 31.4609375 24.242188 0.0018971761067708333
60 -32.828125 125.8359375 93.00781 0.008022054036458334
64 12.484375 10.96875 1.515625 0.008128865559895834
74 -46.6015625 0.0 46.601562 0.011189778645833336
77 -46.9609375 0.0 46.960938 0.014259847005208336
86 -9.5703125 0.0 9.5703125 0.014944966634114586
90 49.6953125 48.171875 1.5234375 0.01505533854166667
185 47.828125 46.6796875 1.1484375 0.015738932291666678
206 14.0625 11.3359375 2.7265625 0.016073608398437512
237 36.53125 34.0859375 2.4453125 0.01641489664713543
276 12.53125 11.2734375 1.2578125 0.0166875203450521
290 -60.359375 0.0 60.359375 0.020679728190104184
300 -38.953125 101.1328125 62.179688 0.02479705810546877
304 11.6640625 10.25 1.4140625 0.024897257486979185
314 -51.8515625 102.359375 50.507812 0.028210957845052103
317 -52.1640625 0.0 52.164062 0.03161926269531252
326 -17.1953125 0.0 17.195312 0.03279876708984377
330 46.484375 44.96875 1.515625 0.0329076131184896
425 44.71875 43.6953125 1.0234375 0.03354492187500002
446 13.1484375 10.5234375 2.625 0.0338597615559896
477 34.21875 31.984375 2.234375 0.03418070475260418
516 11.6875 10.4375 1.25 0.03444468180338543
530 -2.046875 118.234375 116.1875 0.04207305908203127
540 -45.078125 76.625 31.546875 0.04419097900390627
544 10.8515625 9.453125 1.3984375 0.04428965250651044
554 -57.1015625 60.0234375 2.921875 0.04450683593750002
557 -57.359375 0.0 57.359375 0.04825286865234377
566 -24.8125 0.0 24.8125 0.049925231933593765
570 43.265625 41.796875 1.46875 0.05003051757812502
686 12.2421875 9.9375 2.3046875 0.050952657063802094
717 31.8984375 29.7578125 2.140625 0.051255798339843756
756 10.84375 9.6640625 1.1796875 0.05150553385416667
770 -11.359375 33.546875 22.1875 0.05301157633463542
784 10.03125 8.796875 1.234375 0.05318959554036459
794 -62.359375 17.515625 44.84375 0.05613403320312501
797 -62.5625 0.0 62.5625 0.06021779378255209
806 -32.4296875 0.0 32.429688 0.06238403320312501
810 40.0546875 38.6875 1.3671875 0.06248219807942709
926 11.3359375 9.0625 2.2734375 0.06336313883463544
957 29.578125 27.53125 2.046875 0.06365000406901043
996 10.0078125 8.8984375 1.109375 0.06388702392578127
1010 -20.6796875 0.0 20.679688 0.06529490152994795
1020 -57.328125 27.21875 30.109375 0.06731363932291667
1024 9.21875 8.109375 1.109375 0.06739298502604167
1034 -7.21875 0.0 7.21875 0.06788838704427085
1037 -7.53125 118.5703125 111.03906 0.0751286824544271
1046 -40.0546875 100.609375 60.554688 0.07912089029947918
1050 36.8359375 35.515625 1.3203125 0.07921549479166667
1166 10.421875 7.890625 2.53125 0.0800827026367188
1197 27.2578125 25.421875 1.8359375 0.08034769694010421
1236 9.1640625 8.140625 1.0234375 0.08057556152343753
1250 -29.9921875 120.46875 90.47656 0.08652598063151044
1260 -63.453125 2.3828125 61.070312 0.09055786132812503
1264 8.3984375 7.296875 1.1015625 0.09063568115234377
1274 -17.7265625 0.0 17.726562 0.09181823730468752
1277 -17.9296875 108.28125 90.35156 0.09771016438802085
1286 -47.671875 69.8203125 22.148438 0.09920196533203127
1290 33.625 32.34375 1.28125 0.09929351806640627
1406 9.515625 7.25 2.265625 0.10012715657552089
1437 24.9375 23.109375 1.828125 0.10038960774739589
1490 -39.3125 35.4921875 3.8203125 0.10090077718098961
1500 -11.15625 0.0 11.15625 0.10167948404947919
1504 7.5859375 6.484375 1.1015625 0.10175781250000002
1514 -28.2265625 0.0 28.226562 0.10362192789713544
1517 -28.328125 98.15625 69.828125 0.10817769368489585
1526 -55.2890625 38.75 16.539062 0.10930023193359378
1530 30.40625 29.2421875 1.1640625 0.10938364664713544
1646 8.6015625 6.6015625 2.0 0.11016591389973965
1677 22.6171875 20.96875 1.6484375 0.11040547688802088
1730 -48.625 0.0 48.625 0.11383107503255212
1740 -23.40625 0.0 23.40625 0.11540730794270836
1754 -38.734375 103.4765625 64.74219 0.11971181233723961
1757 -38.734375 87.625 48.890625 0.12290344238281253
1766 -62.9140625 7.53125 55.382812 0.12655334472656254
1770 27.1953125 26.0078125 1.1875 0.1266372680664063
1886 7.6953125 5.7265625 1.96875 0.1274073282877604
1917 20.296875 18.7421875 1.5546875 0.12762858072916664
1970 -57.9453125 122.1171875 64.171875 0.1320515950520832
1980 -35.65625 0.0 35.65625 0.1344192504882811
1994 -49.234375 61.375 12.140625 0.1353006998697915
1997 -49.1328125 77.453125 28.320312 0.13715260823567693
2006 -13.0703125 0.0 13.0703125 0.13804423014322906
2010 23.9765625 22.96875 1.0078125 0.13811645507812487
2126 6.7890625 4.90625 1.8828125 0.13885142008463522
2157 17.984375 16.484375 1.5 0.13906148274739563
2210 -6.5234375 37.2890625 30.765625 0.14129435221354142
2220 -47.90625 0.0 47.90625 0.14445902506510389
2234 -59.734375 18.75 40.984375 0.14720967610677058
2237 -59.53125 67.125 7.59375 0.14771118164062474
2246 -28.3046875 0.0 28.304688 0.14959106445312473
2250 20.765625 19.7578125 1.0078125 0.14966227213541639
2366 5.875 4.0859375 1.7890625 0.1503494262695309
2397 15.6640625 14.3828125 1.28125 0.15054219563802052
2450 -25.15625 0.0 25.15625 0.15240987141927054
2460 -60.15625 0.0 60.15625 0.15636698404947885
2474 -12.484375 0.0 12.484375 0.1572621663411455
2477 58.0703125 56.875 1.1953125 0.15734659830729134
2486 -43.546875 0.0 43.546875 0.1602162679036455
2606 4.96875 3.5078125 1.4609375 0.16095174153645803
2637 13.34375 12.15625 1.1875 0.16113382975260382
2690 -43.7890625 124.2109375 80.421875 0.16658884684244749
2700 -16.8203125 110.4296875 93.609375 0.17272186279296833
2714 -33.4921875 0.0 33.492188 0.174972025553385
2717 47.6640625 46.4609375 1.203125 0.17505594889322876
2726 -58.7890625 0.0 58.789062 0.17891591389973918
2846 4.0546875 2.625 1.4296875 0.17962188720703087
2877 11.0234375 9.9296875 1.09375 0.17978973388671837
2930 -62.421875 38.9375 23.484375 0.1815256754557288
2940 -41.328125 85.9921875 44.664062 0.18447062174479134
2954 -54.5 0.0 54.5 0.18808085123697882
2957 37.265625 36.09375 1.171875 0.18816274007161424
2966 -20.0546875 108.53125 88.47656 0.19395039876302048
3086 3.1484375 1.4609375 1.6875 0.1946502685546871
3170 -34.1171875 0.0 34.117188 0.19721120198567668
3180 62.171875 61.15625 1.015625 0.19731140136718708
3194 -23.015625 104.9453125 81.92969 0.20270996093749957
3197 26.8671875 25.8046875 1.0625 0.20278371175130164
3206 -50.5390625 77.75 27.210938 0.20458170572916626
3326 2.2421875 0.8125 1.4296875 0.20525207519531213
3410 -14.7734375 126.1484375 111.375 0.21282501220703084
3566 1.328125 0.171875 1.15625 0.21370239257812446
3650 38.6953125 41.46875 2.7734375 0.21413523356119737
3660 13.171875 12.0859375 1.0859375 0.21422983805338489
3674 20.953125 19.8671875 1.0859375 0.21432495117187444
3686 16.5 15.4609375 1.0390625 0.2144694010416661
4130 0.0 127.953125 127.953125 0.22375081380208273
4370 0.0 43.5546875 43.554688 0.22721761067708277
4634 0.0 106.296875 106.296875 0.23493041992187444
4874 0.0 64.0234375 64.02344 0.23986918131510354
4886 0.0 116.4609375 116.46094 0.24750417073567646
5090 0.0 45.7890625 45.789062 0.25117289225260336
5100 0.0 119.9296875 119.92969 0.25900421142578045
5114 0.0 21.3359375 21.335938 0.2604390462239576
5126 0.0 85.671875 85.671875 0.26606852213541593
5340 0.0 95.4921875 95.49219 0.273038736979166
5366 0.0 54.6015625 54.601562 0.2766942342122388
5580 0.0 70.859375 70.859375 0.2821034749348952
5606 0.0 23.3828125 23.382812 0.28372802734374936
5810 0.0 47.4453125 47.445312 0.2876302083333327
5820 0.0 46.15625 46.15625 0.290659586588541
6060 0.0 21.453125 21.453125 0.2930425008138014
6074 0.0 107.53125 107.53125 0.30010070800781175
6314 0.0 65.1953125 65.19531 0.3053741455078116
6530 0.0 49.53125 49.53125 0.3095921834309885
6554 0.0 22.6875 22.6875 0.3111592610677072
6797 0.0 127.125 127.125 0.3205617268880198
6806 0.0 124.3828125 124.38281 0.32870890299479066
6982 2.3125 1.25 1.0625 0.3295918782552073
7037 0.0 116.8359375 116.83594 0.33744150797525946
7046 0.0 93.6015625 93.60156 0.3435785929361969
7222 2.4921875 1.3671875 1.125 0.34452311197916563
7250 0.0 51.4765625 51.476562 0.348022460937499
7277 0.0 106.7109375 106.71094 0.35507405598958236
7286 0.0 62.53125 62.53125 0.3591924031575511
7462 2.6640625 1.46875 1.1953125 0.36016998291015523
7514 0.0 108.6484375 108.64844 0.36751098632812396
7517 0.0 96.1796875 96.17969 0.373773701985676
7526 0.0 31.3125 31.3125 0.3758560180664051
7702 2.7421875 1.5703125 1.171875 0.3768768310546862
7740 0.0 127.703125 127.703125 0.3853876749674465
7754 0.0 108.9453125 108.94531 0.3925496419270819
7757 0.0 94.546875 94.546875 0.3987055460611965
7766 0.0 28.875 28.875 0.40063629150390484
7942 2.5625 1.421875 1.140625 0.4015975952148424
7970 0.0 47.984375 47.984375 0.404872639973957
7997 0.0 104.875 104.875 0.41179911295572796
8006 0.0 59.953125 59.953125 0.4157501220703113
8182 2.390625 1.3203125 1.0703125 0.4166768391927072
8237 0.0 115.125 115.125 0.42441660563150957
8246 0.0 91.0234375 91.02344 0.4303914388020824
8422 2.21875 1.1796875 1.0390625 0.4312815348307282
8477 0.0 125.5390625 125.53906 0.43968658447265546
8486 0.0 121.8046875 121.80469 0.4476603190104159
8690 0.0 46.4765625 46.476562 0.45166931152343687
8714 0.0 22.6875 22.6875 0.45323791503906186
8954 0.0 65.2578125 65.25781 0.4585586547851556
9180 0.0 19.59375 19.59375 0.46080627441406175
9194 0.0 107.7109375 107.71094 0.4678741455078117
9410 0.0 43.65625 43.65625 0.47161305745442617
9420 0.0 44.1640625 44.164062 0.4745137532552074
9660 0.0 68.9296875 68.92969 0.47994232177734275
9686 0.0 20.953125 20.953125 0.4814071655273428
9900 0.0 93.5703125 93.57031 0.4882705688476554
9926 0.0 52.0234375 52.023438 0.4917475382486971
10130 0.0 41.5703125 41.570312 0.4951588948567702
10140 0.0 118.140625 118.140625 0.5028706868489577
10154 0.0 21.453125 21.453125 0.504313659667968
10166 0.0 83.09375 83.09375 0.5097722371419264
10370 0.0 126.3984375 126.39844 0.5186665852864575
10394 0.0 63.9609375 63.960938 0.5228953043619782
10406 0.0 113.8828125 113.88281 0.5303532918294263
10634 0.0 106.296875 106.296875 0.5379374186197898
10850 0.0 39.3359375 39.335938 0.5410959879557268
11090 0.0 124.3125 124.3125 0.5497767130533822
11570 35.84375 37.9765625 2.1328125 0.5507441202799416
11580 11.328125 10.15625 1.171875 0.5508371988932229
11810 -17.625 122.65625 105.03125 0.5585515340169189
11820 35.828125 34.796875 1.03125 0.5586364746093668
11966 1.3828125 0.171875 1.2109375 0.559371439615877
12050 -35.546875 0.0 35.546875 0.5619847615559809
12074 -22.921875 105.0625 82.140625 0.567478434244783
12077 25.140625 24.0859375 1.0546875 0.5675521850585851
12086 -53.078125 75.171875 22.09375 0.5690175374348871
12206 2.2890625 0.6953125 1.59375 0.5696187337239494
12290 -63.140625 35.7421875 27.398438 0.5717254638671788
12300 -43.171875 84.265625 41.09375 0.5744293212890539
12314 -54.453125 0.0 54.453125 0.5780461629231686
12317 35.5390625 34.5 1.0390625 0.5781199137369707
12326 -22.6015625 105.953125 83.35156 0.5835764567057207
12446 3.1953125 1.6328125 1.5625 0.5842056274413979
12530 -44.5078125 121.15625 76.64844 0.5895401000976481
12540 -18.671875 108.703125 90.03125 0.5954366048177001
12554 -33.4453125 0.0 33.445312 0.5976908365885335
12557 45.9375 44.828125 1.109375 0.5977691650390543
12566 -60.0546875 0.0 60.054688 0.6017135620117106
12686 4.109375 2.8046875 1.3046875 0.602361043294263
12717 9.8515625 8.78125 1.0703125 0.602529907226555
12770 -25.8671875 0.0 25.867188 0.604425048828118
12780 -61.0859375 0.0 61.085938 0.6084426879882743
12794 -12.4375 0.0 12.4375 0.6093322753906181
12797 56.3359375 55.1171875 1.21875 0.6094192504882743
12806 -44.8203125 0.0 44.820312 0.6123728434244722
12926 5.015625 3.390625 1.625 0.6130711873372331
12957 12.171875 11.0390625 1.1328125 0.6132502237955666
13010 -7.234375 33.6484375 26.414062 0.6151967366536397
13020 -48.8359375 0.0 48.835938 0.6184209187825461
13034 -59.7109375 18.9296875 40.78125 0.6211563110351502
13037 -61.2578125 65.2890625 4.03125 0.6214263916015564
13046 -29.578125 0.0 29.578125 0.623389180501296
13050 21.03125 19.9609375 1.0703125 0.6234654744466085
13166 5.9296875 4.0859375 1.84375 0.6241221110025986
13197 14.4921875 13.203125 1.2890625 0.6243153889973904
13250 -58.296875 118.3359375 60.039062 0.6284612019856717
13260 -36.5859375 0.0 36.585938 0.6308909098307239
13274 -49.2109375 61.5546875 12.34375 0.6317886352539009
13277 -50.859375 75.78125 24.921875 0.6334192911783801
13286 -14.3359375 0.0 14.3359375 0.6343928019205676
13290 24.25 23.1640625 1.0859375 0.6344706217447863
13406 6.8359375 4.96875 1.8671875 0.6351516723632761
13437 16.8125 15.40625 1.40625 0.6353597005208282
13490 -48.984375 0.0 48.984375 0.6387929280598907
13500 -24.3359375 0.0 24.335938 0.640429178873693
13514 -38.7109375 103.7734375 65.0625 0.64475708007812
13517 -40.4609375 85.9921875 45.53125 0.6477305094400992
13526 -63.546875 5.1015625 58.445312 0.6515782674153597
13530 27.4609375 26.203125 1.2578125 0.6516672770182244
13646 7.7421875 5.7265625 2.015625 0.6523773193359327
13677 19.1328125 17.71875 1.4140625 0.6525894165039016
13730 -39.6640625 32.0 7.6640625 0.6533467610677037
13740 -12.078125 0.0 12.078125 0.6541865030924434
13754 -28.203125 0.0 28.203125 0.6561233520507769
13757 -30.0546875 96.3203125 66.265625 0.6604471842447872
13766 -55.9296875 36.171875 19.757812 0.6617813110351518
13770 30.6796875 29.4453125 1.234375 0.6618698120117144
13886 8.65625 6.6015625 2.0546875 0.6626332600911412
13917 21.4453125 19.796875 1.6484375 0.6628692626953078
13970 -30.3515625 116.25 85.89844 0.6687332153320267
13980 -63.9140625 0.59375 63.320312 0.6729136149088496
13984 8.7421875 7.6953125 1.046875 0.672988891601558
13994 -17.703125 0.0 17.703125 0.6741689046223912
13997 -19.65625 106.5703125 86.91406 0.67983754475911
14006 -48.3046875 67.2421875 18.9375 0.6811203002929642
14010 33.890625 32.578125 1.3125 0.6812143961588496
14126 9.5625 7.1328125 2.4296875 0.6820154825846308
14157 23.765625 22.0234375 1.7421875 0.6822652180989538
14196 9.359375 8.3359375 1.0234375 0.6824905395507768
14210 -21.03125 0.0 21.03125 0.6839162190755164
14220 -57.7890625 25.4921875 32.296875 0.6860788981119748
14224 9.5546875 8.375 1.1796875 0.6861628214518185
14234 -7.1953125 0.0 7.1953125 0.6866617838541621
14237 -9.2578125 116.984375 107.72656 0.6936869303385371
14246 -40.6875 98.03125 57.34375 0.6974721272786412
14250 37.109375 35.71875 1.390625 0.6975718180338495
14366 10.46875 8.0625 2.40625 0.6983947753906203
14397 26.0859375 24.25 1.8359375 0.6986628214518181
14436 10.203125 9.1015625 1.1015625 0.6988983154296826
14450 -11.71875 30.4921875 18.773438 0.7001749674479116
14460 -51.6640625 49.9296875 1.734375 0.7003494262695262
14464 10.375 9.078125 1.296875 0.7004409790039012
14474 -62.34375 17.515625 44.828125 0.703387959798172
14477 -63.4296875 127.3125 63.882812 0.7075581868489532
14486 -33.0703125 0.0 33.070312 0.709766642252599
14490 40.3203125 38.859375 1.4609375 0.7098714192708281
14606 11.3828125 9.234375 2.1484375 0.7107116699218694
14637 28.40625 26.3828125 2.0234375 0.7109980265299423
14676 11.046875 9.875 1.171875 0.7112442016601506
14690 -2.3984375 114.015625 111.61719 0.718571472167963
14700 -45.5390625 74.765625 29.226562 0.7205403645833276
14704 11.1875 9.8515625 1.3359375 0.7206354777018171
14714 -57.09375 60.0859375 2.9921875 0.7208572387695255
14717 -58.2265625 0.0 58.226562 0.7246607462565047
14726 -25.4453125 0.0 25.445312 0.7263753255208276
14730 43.5390625 42.03125 1.5078125 0.7264841715494734
14846 12.2890625 9.8203125 2.46875 0.7273732503255148
14877 30.7265625 28.640625 2.0859375 0.7276692708333274
14916 11.8828125 10.6484375 1.234375 0.7279388427734316
14930 -60.5390625 0.0 60.539062 0.7319427490234316
14940 -39.4140625 99.2734375 59.859375 0.7359069824218691
14944 12.0078125 10.6875 1.3203125 0.7360010782877545
14954 -51.84375 102.5390625 50.695312 0.7393300374348899
14957 -53.0234375 0.0 53.023438 0.7427947998046815
14966 -17.828125 0.0 17.828125 0.7440144856770773
14970 46.75 45.1640625 1.5859375 0.744128417968744
15065 45.5 44.4765625 1.0234375 0.7447474161783795
15086 13.203125 10.5234375 2.6796875 0.7450764973958274
15117 33.046875 30.8125 2.234375 0.7453933715820251
15156 12.7265625 11.46875 1.2578125 0.7456670125325461
15170 -55.8828125 27.671875 28.210938 0.7475672403971294
15180 -33.2890625 123.84375 90.55469 0.7535344441731711
15184 12.8203125 11.2890625 1.53125 0.7536432902018169
15194 -46.59375 0.0 46.59375 0.7567047119140564
15197 -47.828125 0.0 47.828125 0.7598322550455668
15206 -10.2109375 0.0 10.2109375 0.7605600992838482
15210 49.96875 48.375 1.59375 0.760675048828119
15305 48.609375 47.53125 1.078125 0.7613108317057231
15326 14.109375 11.3984375 2.7109375 0.7616419474283793
15357 35.3671875 33.0078125 2.359375 0.7619781494140563
