000010100000000
000010011111110
000010011111100
000010011111010
000010011111000
000010011110110
000010011110100
000010011110010
000010011110000
000010011101110
000010011101100
000010011101010
000010011101000
000010011100110
000010011100100
000010011100010
000010011100000
000010011011110
000010011011100
000010011011010
000010011011000
000010011010110
000010011010100
000010011010010
000010011010000
000010011001110
000010011001100
000010011001010
000010011001000
000010011000110
000010011000100
000010011000010
000010011000000
000010010111110
000010010111100
000010010111010
000010010111000
000010010110110
000010010110100
000010010110010
000010010110000
000010010101110
000010010101100
000010010101010
000010010101000
000010010100110
000010010100100
000010010100010
000010010100000
000010010011110
000010010011100
000010010011010
000010010011000
000010010010110
000010010010100
000010010010010
000010010010000
000010010001110
000010010001100
000010010001010
000010010001000
000010010000110
000010010000100
000010010000010
000010010000000
000010001111110
000010001111100
000010001111010
000010001111000
000010001110110
000010001110100
000010001110010
000010001110000
000010001101110
000010001101100
000010001101010
000010001101000
000010001100110
000010001100100
000010001100010
000010001100000
000010001011110
000010001011100
000010001011010
000010001011000
000010001010110
000010001010100
000010001010010
000010001010000
000010001001110
000010001001100
000010001001010
000010001001000
000010001000110
000010001000100
000010001000010
000010001000000
000010000111110
000010000111100
000010000111010
000010000111000
000010000110110
000010000110100
000010000110010
000010000110000
000010000101110
000010000101100
000010000101010
000010000101000
000010000100110
000010000100100
000010000100010
000010000100000
000010000011110
000010000011100
000010000011010
000010000011000
000010000010110
000010000010100
000010000010010
000010000010000
000010000001110
000010000001100
000010000001010
000010000001000
000010000000110
000010000000100
000010000000010
000010000000000
000001111111110
000001111111100
000001111111010
000001111111000
000001111110110
000001111110100
000001111110010
000001111110000
000001111101110
000001111101100
000001111101010
000001111101000
000001111100110
000001111100100
000001111100010
000001111100000
000001111011110
000001111011100
000001111011010
000001111011000
000001111010110
000001111010100
000001111010010
000001111010000
000001111001110
000001111001100
000001111001010
000001111001000
000001111000110
000001111000100
000001111000010
000001111000000
000001110111110
000001110111100
000001110111010
000001110111000
000001110110110
000001110110100
000001110110010
000001110110000
000001110101110
000001110101100
000001110101010
000001110101000
000001110100110
000001110100100
000001110100010
000001110100000
000001110011110
000001110011100
000001110011010
000001110011000
000001110010110
000001110010100
000001110010010
000001110010000
000001110001110
000001110001100
000001110001010
000001110001000
000001110000110
000001110000100
000001110000010
000001110000000
000001101111110
000001101111100
000001101111010
000001101111000
000001101110110
000001101110100
000001101110010
000001101110000
000001101101110
000001101101100
000001101101010
000001101101000
000001101100110
000001101100100
000001101100010
000001101100000
000001101011110
000001101011100
000001101011010
000001101011000
000001101010110
000001101010100
000001101010010
000001101010000
000001101001110
000001101001100
000001101001010
000001101001000
000001101000110
000001101000100
000001101000010
000001101000000
000001100111110
000001100111100
000001100111010
000001100111000
000001100110110
000001100110100
000001100110010
000001100110000
000001100101110
000001100101100
000001100101010
000001100101000
000001100100110
000001100100100
000001100100010
000001100100000
000001100011110
000001100011100
000001100011010
000001100011000
000001100010110
000001100010100
000001100010010
000001100010000
000001100001110
000001100001100
000001100001010
000001100001000
000001100000110
000001100000100
000001100000010
000001100000000
000001011111110
000001011111100
000001011111010
000001011111000
000001011110110
000001011110100
000001011110010
000001011110000
000001011101110
000001011101100
000001011101010
000001011101000
000001011100110
000001011100100
000001011100010
000001011100000
000001011011110
000001011011100
000001011011010
000001011011000
000001011010110
000001011010100
000001011010010
000001011010000
000001011001110
000001011001100
000001011001010
000001011001000
000001011000110
000001011000100
000001011000010
000001011000000
000001010111110
000001010111100
000001010111010
000001010111000
000001010110110
000001010110100
000001010110010
000001010110000
000001010101110
000001010101100
000001010101010
000001010101000
000001010100110
000001010100100
000001010100010
000001010100000
000001010011110
000001010011100
000001010011010
000001010011000
000001010010110
000001010010100
000001010010010
000001010010000
000001010001110
000001010001100
000001010001010
000001010001000
000001010000110
000001010000100
000001010000010
000001010000000
000001001111110
000001001111100
000001001111010
000001001111000
000001001110110
000001001110100
000001001110010
000001001110000
000001001101110
000001001101100
000001001101010
000001001101000
000001001100110
000001001100100
000001001100010
000001001100000
000001001011110
000001001011100
000001001011010
000001001011000
000001001010110
000001001010100
000001001010010
000001001010000
000001001001110
000001001001100
000001001001010
000001001001000
000001001000110
000001001000100
000001001000010
000001001000000
000001000111110
000001000111100
000001000111010
000001000111000
000001000110110
000001000110100
000001000110010
000001000110000
000001000101110
000001000101100
000001000101010
000001000101000
000001000100110
000001000100100
000001000100010
000001000100000
000001000011110
000001000011100
000001000011010
000001000011000
000001000010110
000001000010100
000001000010010
000001000010000
000001000001110
000001000001100
000001000001010
000001000001000
000001000000110
000001000000100
000001000000010
000001000000000
000000111111110
000000111111100
000000111111010
000000111111000
000000111110110
000000111110100
000000111110010
000000111110000
000000111101110
000000111101100
000000111101010
000000111101000
000000111100110
000000111100100
000000111100010
000000111100000
000000111011110
000000111011100
000000111011010
000000111011000
000000111010110
000000111010100
000000111010010
000000111010000
000000111001110
000000111001100
000000111001010
000000111001000
000000111000110
000000111000100
000000111000010
000000111000000
000000110111110
000000110111100
000000110111010
000000110111000
000000110110110
000000110110100
000000110110010
000000110110000
000000110101110
000000110101100
000000110101010
000000110101000
000000110100110
000000110100100
000000110100010
000000110100000
000000110011110
000000110011100
000000110011010
000000110011000
000000110010110
000000110010100
000000110010010
000000110010000
000000110001110
000000110001100
000000110001010
000000110001000
000000110000110
000000110000100
000000110000010
000000110000000
000000101111110
000000101111100
000000101111010
000000101111000
000000101110110
000000101110100
000000101110010
000000101110000
000000101101110
000000101101100
000000101101010
000000101101000
000000101100110
000000101100100
000000101100010
000000101100000
000000101011110
000000101011100
000000101011010
000000101011000
000000101010110
000000101010100
000000101010010
000000101010000
000000101001110
000000101001100
000000101001010
000000101001000
000000101000110
000000101000100
000000101000010
000000101000000
000000100111110
000000100111100
000000100111010
000000100111000
000000100110110
000000100110100
000000100110010
000000100110000
000000100101110
000000100101100
000000100101010
000000100101000
000000100100110
000000100100100
000000100100010
000000100100000
000000100011110
000000100011100
000000100011010
000000100011000
000000100010110
000000100010100
000000100010010
000000100010000
000000100001110
000000100001100
000000100001010
000000100001000
000000100000110
000000100000100
000000100000010
000000100000000
000000011111110
000000011111100
000000011111010
000000011111000
000000011110110
000000011110100
000000011110010
000000011110000
000000011101110
000000011101100
000000011101010
000000011101000
000000011100110
000000011100100
000000011100010
000000011100000
000000011011110
000000011011100
000000011011010
000000011011000
000000011010110
000000011010100
000000011010010
000000011010000
000000011001110
000000011001100
000000011001010
000000011001000
000000011000110
000000011000100
000000011000010
000000011000000
000000010111110
000000010111100
000000010111010
000000010111000
000000010110110
000000010110100
000000010110010
000000010110000
000000010101110
000000010101100
000000010101010
000000010101000
000000010100110
000000010100100
000000010100010
000000010100000
000000010011110
000000010011100
000000010011010
000000010011000
000000010010110
000000010010100
000000010010010
000000010010000
000000010001110
000000010001100
000000010001010
000000010001000
000000010000110
000000010000100
000000010000010
000000010000000
000000001111110
000000001111100
000000001111010
000000001111000
000000001110110
000000001110100
000000001110010
000000001110000
000000001101110
000000001101100
000000001101010
000000001101000
000000001100110
000000001100100
000000001100010
000000001100000
000000001011110
000000001011100
000000001011010
000000001011000
000000001010110
000000001010100
000000001010010
000000001010000
000000001001110
000000001001100
000000001001010
000000001001000
000000001000110
000000001000100
000000001000010
000000001000000
000000000111110
000000000111100
000000000111010
000000000111000
000000000110110
000000000110100
000000000110010
000000000110000
000000000101110
000000000101100
000000000101010
000000000101000
000000000100110
000000000100100
000000000100010
000000000100000
000000000011110
000000000011100
000000000011010
000000000011000
000000000010110
000000000010100
000000000010010
000000000010000
000000000001110
000000000001100
000000000001010
000000000001000
000000000000110
000000000000100
000000000000010
000000000000000
111111111111110
111111111111100
111111111111010
111111111111000
111111111110110
111111111110100
111111111110010
111111111110000
111111111101110
111111111101100
111111111101010
111111111101000
111111111100110
111111111100100
111111111100010
111111111100000
111111111011110
111111111011100
111111111011010
111111111011000
111111111010110
111111111010100
111111111010010
111111111010000
111111111001110
111111111001100
111111111001010
111111111001000
111111111000110
111111111000100
111111111000010
111111111000000
111111110111110
111111110111100
111111110111010
111111110111000
111111110110110
111111110110100
111111110110010
111111110110000
111111110101110
111111110101100
111111110101010
111111110101000
111111110100110
111111110100100
111111110100010
111111110100000
111111110011110
111111110011100
111111110011010
111111110011000
111111110010110
111111110010100
111111110010010
111111110010000
111111110001110
111111110001100
111111110001010
111111110001000
111111110000110
111111110000100
111111110000010
111111110000000
111111101111110
111111101111100
111111101111010
111111101111000
111111101110110
111111101110100
111111101110010
111111101110000
111111101101110
111111101101100
111111101101010
111111101101000
111111101100110
111111101100100
111111101100010
111111101100000
111111101011110
111111101011100
111111101011010
111111101011000
111111101010110
111111101010100
111111101010010
111111101010000
111111101001110
111111101001100
111111101001010
111111101001000
111111101000110
111111101000100
111111101000010
111111101000000
111111100111110
111111100111100
111111100111010
111111100111000
111111100110110
111111100110100
111111100110010
111111100110000
111111100101110
111111100101100
111111100101010
111111100101000
111111100100110
111111100100100
111111100100010
111111100100000
111111100011110
111111100011100
111111100011010
111111100011000
111111100010110
111111100010100
111111100010010
111111100010000
111111100001110
111111100001100
111111100001010
111111100001000
111111100000110
111111100000100
111111100000010
111111100000000
111111011111110
111111011111100
111111011111010
111111011111000
111111011110110
111111011110100
111111011110010
111111011110000
111111011101110
111111011101100
111111011101010
111111011101000
111111011100110
111111011100100
111111011100010
111111011100000
111111011011110
111111011011100
111111011011010
111111011011000
111111011010110
111111011010100
111111011010010
111111011010000
111111011001110
111111011001100
111111011001010
111111011001000
111111011000110
111111011000100
111111011000010
111111011000000
111111010111110
111111010111100
111111010111010
111111010111000
111111010110110
111111010110100
111111010110010
111111010110000
111111010101110
111111010101100
111111010101010
111111010101000
111111010100110
111111010100100
111111010100010
111111010100000
111111010011110
111111010011100
111111010011010
111111010011000
111111010010110
111111010010100
111111010010010
111111010010000
111111010001110
111111010001100
111111010001010
111111010001000
111111010000110
111111010000100
111111010000010
111111010000000
111111001111110
111111001111100
111111001111010
111111001111000
111111001110110
111111001110100
111111001110010
111111001110000
111111001101110
111111001101100
111111001101010
111111001101000
111111001100110
111111001100100
111111001100010
111111001100000
111111001011110
111111001011100
111111001011010
111111001011000
111111001010110
111111001010100
111111001010010
111111001010000
111111001001110
111111001001100
111111001001010
111111001001000
111111001000110
111111001000100
111111001000010
111111001000000
111111000111110
111111000111100
111111000111010
111111000111000
111111000110110
111111000110100
111111000110010
111111000110000
111111000101110
111111000101100
111111000101010
111111000101000
111111000100110
111111000100100
111111000100010
111111000100000
111111000011110
111111000011100
111111000011010
111111000011000
111111000010110
111111000010100
111111000010010
111111000010000
111111000001110
111111000001100
111111000001010
111111000001000
111111000000110
111111000000100
111111000000010
111111000000000
111110111111110
111110111111100
111110111111010
111110111111000
111110111110110
111110111110100
111110111110010
111110111110000
111110111101110
111110111101100
111110111101010
111110111101000
111110111100110
111110111100100
111110111100010
111110111100000
111110111011110
111110111011100
111110111011010
111110111011000
111110111010110
111110111010100
111110111010010
111110111010000
111110111001110
111110111001100
111110111001010
111110111001000
111110111000110
111110111000100
111110111000010
111110111000000
111110110111110
111110110111100
111110110111010
111110110111000
111110110110110
111110110110100
111110110110010
111110110110000
111110110101110
111110110101100
111110110101010
111110110101000
111110110100110
111110110100100
111110110100010
111110110100000
111110110011110
111110110011100
111110110011010
111110110011000
111110110010110
111110110010100
111110110010010
111110110010000
111110110001110
111110110001100
111110110001010
111110110001000
111110110000110
111110110000100
111110110000010
111110110000000
111110101111110
111110101111100
111110101111010
111110101111000
111110101110110
111110101110100
111110101110010
111110101110000
111110101101110
111110101101100
111110101101010
111110101101000
111110101100110
111110101100100
111110101100010
111110101100000
111110101011110
111110101011100
111110101011010
111110101011000
111110101010110
111110101010100
111110101010010
111110101010000
111110101001110
111110101001100
111110101001010
111110101001000
111110101000110
111110101000100
111110101000010
111110101000000
111110100111110
111110100111100
111110100111010
111110100111000
111110100110110
111110100110100
111110100110010
111110100110000
111110100101110
111110100101100
111110100101010
111110100101000
111110100100110
111110100100100
111110100100010
111110100100000
111110100011110
111110100011100
111110100011010
111110100011000
111110100010110
111110100010100
111110100010010
111110100010000
111110100001110
111110100001100
111110100001010
111110100001000
111110100000110
111110100000100
111110100000010
111110100000000
111110011111110
111110011111100
111110011111010
111110011111000
111110011110110
111110011110100
111110011110010
111110011110000
111110011101110
111110011101100
111110011101010
111110011101000
111110011100110
111110011100100
111110011100010
111110011100000
111110011011110
111110011011100
111110011011010
111110011011000
111110011010110
111110011010100
111110011010010
111110011010000
111110011001110
111110011001100
111110011001010
111110011001000
111110011000110
111110011000100
111110011000010
111110011000000
111110010111110
111110010111100
111110010111010
111110010111000
111110010110110
111110010110100
111110010110010
111110010110000
111110010101110
111110010101100
111110010101010
111110010101000
111110010100110
111110010100100
111110010100010
111110010100000
111110010011110
111110010011100
111110010011010
111110010011000
111110010010110
111110010010100
111110010010010
111110010010000
111110010001110
111110010001100
111110010001010
111110010001000
111110010000110
111110010000100
111110010000010
111110010000000
111110001111110
111110001111100
111110001111010
111110001111000
111110001110110
111110001110100
111110001110010
111110001110000
111110001101110
111110001101100
111110001101010
111110001101000
111110001100110
111110001100100
111110001100010
111110001100000
111110001011110
111110001011100
111110001011010
111110001011000
111110001010110
111110001010100
111110001010010
111110001010000
111110001001110
111110001001100
111110001001010
111110001001000
111110001000110
111110001000100
111110001000010
111110001000000
111110000111110
111110000111100
111110000111010
111110000111000
111110000110110
111110000110100
111110000110010
111110000110000
111110000101110
111110000101100
111110000101010
111110000101000
111110000100110
111110000100100
111110000100010
111110000100000
111110000011110
111110000011100
111110000011010
111110000011000
111110000010110
111110000010100
111110000010010
111110000010000
111110000001110
111110000001100
111110000001010
111110000001000
111110000000110
111110000000100
111110000000010
111110000000000
111101111111110
111101111111100
111101111111010
111101111111000
111101111110110
111101111110100
111101111110010
111101111110000
111101111101110
111101111101100
111101111101010
111101111101000
111101111100110
111101111100100
111101111100010
111101111100000
111101111011110
111101111011100
111101111011010
111101111011000
111101111010110
111101111010100
111101111010010
111101111010000
111101111001110
111101111001100
111101111001010
111101111001000
111101111000110
111101111000100
111101111000010
111101111000000
111101110111110
111101110111100
111101110111010
111101110111000
111101110110110
111101110110100
111101110110010
111101110110000
111101110101110
111101110101100
111101110101010
111101110101000
111101110100110
111101110100100
111101110100010
111101110100000
111101110011110
111101110011100
111101110011010
111101110011000
111101110010110
111101110010100
111101110010010
111101110010000
111101110001110
111101110001100
111101110001010
111101110001000
111101110000110
111101110000100
111101110000010
111101110000000
111101101111110
111101101111100
111101101111010
111101101111000
111101101110110
111101101110100
111101101110010
111101101110000
111101101101110
111101101101100
111101101101010
111101101101000
111101101100110
111101101100100
111101101100010
111101101100000
111101101011110
111101101011100
111101101011010
111101101011000
111101101010110
111101101010100
111101101010010
111101101010000
111101101001110
111101101001100
111101101001010
111101101001000
111101101000110
111101101000100
111101101000010
111101101000000
111101100111110
111101100111100
111101100111010
111101100111000
111101100110110
111101100110100
111101100110010
111101100110000
111101100101110
111101100101100
111101100101010
111101100101000
111101100100110
111101100100100
111101100100010
111101100100000
111101100011110
111101100011100
111101100011010
111101100011000
111101100010110
111101100010100
111101100010010
111101100010000
111101100001110
111101100001100
111101100001010
111101100001000
111101100000110
111101100000100
111101100000010
111101100000000
111101100000010
111101100000100
111101100000110
111101100001000
111101100001010
111101100001100
111101100001110
111101100010000
111101100010010
111101100010100
111101100010110
111101100011000
111101100011010
111101100011100
111101100011110
111101100100000
111101100100010
111101100100100
111101100100110
111101100101000
111101100101010
111101100101100
111101100101110
111101100110000
111101100110010
111101100110100
111101100110110
111101100111000
111101100111010
111101100111100
111101100111110
111101101000000
111101101000010
111101101000100
111101101000110
111101101001000
111101101001010
111101101001100
111101101001110
111101101010000
111101101010010
111101101010100
111101101010110
111101101011000
111101101011010
111101101011100
111101101011110
111101101100000
111101101100010
111101101100100
111101101100110
111101101101000
111101101101010
111101101101100
111101101101110
111101101110000
111101101110010
111101101110100
111101101110110
111101101111000
111101101111010
111101101111100
111101101111110
111101110000000
111101110000010
111101110000100
111101110000110
111101110001000
111101110001010
111101110001100
111101110001110
111101110010000
111101110010010
111101110010100
111101110010110
111101110011000
111101110011010
111101110011100
111101110011110
111101110100000
111101110100010
111101110100100
111101110100110
111101110101000
111101110101010
111101110101100
111101110101110
111101110110000
111101110110010
111101110110100
111101110110110
111101110111000
111101110111010
111101110111100
111101110111110
111101111000000
111101111000010
111101111000100
111101111000110
111101111001000
111101111001010
111101111001100
111101111001110
111101111010000
111101111010010
111101111010100
111101111010110
111101111011000
111101111011010
111101111011100
111101111011110
111101111100000
111101111100010
111101111100100
111101111100110
111101111101000
111101111101010
111101111101100
111101111101110
111101111110000
111101111110010
111101111110100
111101111110110
111101111111000
111101111111010
111101111111100
111101111111110
111110000000000
111110000000010
111110000000100
111110000000110
111110000001000
111110000001010
111110000001100
111110000001110
111110000010000
111110000010010
111110000010100
111110000010110
111110000011000
111110000011010
111110000011100
111110000011110
111110000100000
111110000100010
111110000100100
111110000100110
111110000101000
111110000101010
111110000101100
111110000101110
111110000110000
111110000110010
111110000110100
111110000110110
111110000111000
111110000111010
111110000111100
111110000111110
111110001000000
111110001000010
111110001000100
111110001000110
111110001001000
111110001001010
111110001001100
111110001001110
111110001010000
111110001010010
111110001010100
111110001010110
111110001011000
111110001011010
111110001011100
111110001011110
111110001100000
111110001100010
111110001100100
111110001100110
111110001101000
111110001101010
111110001101100
111110001101110
111110001110000
111110001110010
111110001110100
111110001110110
111110001111000
111110001111010
111110001111100
111110001111110
111110010000000
111110010000010
111110010000100
111110010000110
111110010001000
111110010001010
111110010001100
111110010001110
111110010010000
111110010010010
111110010010100
111110010010110
111110010011000
111110010011010
111110010011100
111110010011110
111110010100000
111110010100010
111110010100100
111110010100110
111110010101000
111110010101010
111110010101100
111110010101110
111110010110000
111110010110010
111110010110100
111110010110110
111110010111000
111110010111010
111110010111100
111110010111110
111110011000000
111110011000010
111110011000100
111110011000110
111110011001000
111110011001010
111110011001100
111110011001110
111110011010000
111110011010010
111110011010100
111110011010110
111110011011000
111110011011010
111110011011100
111110011011110
111110011100000
111110011100010
111110011100100
111110011100110
111110011101000
111110011101010
111110011101100
111110011101110
111110011110000
111110011110010
111110011110100
111110011110110
111110011111000
111110011111010
111110011111100
111110011111110
111110100000000
111110100000010
111110100000100
111110100000110
111110100001000
111110100001010
111110100001100
111110100001110
111110100010000
111110100010010
111110100010100
111110100010110
111110100011000
111110100011010
111110100011100
111110100011110
111110100100000
111110100100010
111110100100100
111110100100110
111110100101000
111110100101010
111110100101100
111110100101110
111110100110000
111110100110010
111110100110100
111110100110110
111110100111000
111110100111010
111110100111100
111110100111110
111110101000000
111110101000010
111110101000100
111110101000110
111110101001000
111110101001010
111110101001100
111110101001110
111110101010000
111110101010010
111110101010100
111110101010110
111110101011000
111110101011010
111110101011100
111110101011110
111110101100000
111110101100010
111110101100100
111110101100110
111110101101000
111110101101010
111110101101100
111110101101110
111110101110000
111110101110010
111110101110100
111110101110110
111110101111000
111110101111010
111110101111100
111110101111110
111110110000000
111110110000010
111110110000100
111110110000110
111110110001000
111110110001010
111110110001100
111110110001110
111110110010000
111110110010010
111110110010100
111110110010110
111110110011000
111110110011010
111110110011100
111110110011110
111110110100000
111110110100010
111110110100100
111110110100110
111110110101000
111110110101010
111110110101100
111110110101110
111110110110000
111110110110010
111110110110100
111110110110110
111110110111000
111110110111010
111110110111100
111110110111110
111110111000000
111110111000010
111110111000100
111110111000110
111110111001000
111110111001010
111110111001100
111110111001110
111110111010000
111110111010010
111110111010100
111110111010110
111110111011000
111110111011010
111110111011100
111110111011110
111110111100000
111110111100010
111110111100100
111110111100110
111110111101000
111110111101010
111110111101100
111110111101110
111110111110000
111110111110010
111110111110100
111110111110110
111110111111000
111110111111010
111110111111100
111110111111110
111111000000000
111111000000010
111111000000100
111111000000110
111111000001000
111111000001010
111111000001100
111111000001110
111111000010000
111111000010010
111111000010100
111111000010110
111111000011000
111111000011010
111111000011100
111111000011110
111111000100000
111111000100010
111111000100100
111111000100110
111111000101000
111111000101010
111111000101100
111111000101110
111111000110000
111111000110010
111111000110100
111111000110110
111111000111000
111111000111010
111111000111100
111111000111110
111111001000000
111111001000010
111111001000100
111111001000110
111111001001000
111111001001010
111111001001100
111111001001110
111111001010000
111111001010010
111111001010100
111111001010110
111111001011000
111111001011010
111111001011100
111111001011110
111111001100000
111111001100010
111111001100100
111111001100110
111111001101000
111111001101010
111111001101100
111111001101110
111111001110000
111111001110010
111111001110100
111111001110110
111111001111000
111111001111010
111111001111100
111111001111110
111111010000000
111111010000010
111111010000100
111111010000110
111111010001000
111111010001010
111111010001100
111111010001110
111111010010000
111111010010010
111111010010100
111111010010110
111111010011000
111111010011010
111111010011100
111111010011110
111111010100000
111111010100010
111111010100100
111111010100110
111111010101000
111111010101010
111111010101100
111111010101110
111111010110000
111111010110010
111111010110100
111111010110110
111111010111000
111111010111010
111111010111100
111111010111110
111111011000000
111111011000010
111111011000100
111111011000110
111111011001000
111111011001010
111111011001100
111111011001110
111111011010000
111111011010010
111111011010100
111111011010110
111111011011000
111111011011010
111111011011100
111111011011110
111111011100000
111111011100010
111111011100100
111111011100110
111111011101000
111111011101010
111111011101100
111111011101110
111111011110000
111111011110010
111111011110100
111111011110110
111111011111000
111111011111010
111111011111100
111111011111110
111111100000000
111111100000010
111111100000100
111111100000110
111111100001000
111111100001010
111111100001100
111111100001110
111111100010000
111111100010010
111111100010100
111111100010110
111111100011000
111111100011010
111111100011100
111111100011110
111111100100000
111111100100010
111111100100100
111111100100110
111111100101000
111111100101010
111111100101100
111111100101110
111111100110000
111111100110010
111111100110100
111111100110110
111111100111000
111111100111010
111111100111100
111111100111110
111111101000000
111111101000010
111111101000100
111111101000110
111111101001000
111111101001010
111111101001100
111111101001110
111111101010000
111111101010010
111111101010100
111111101010110
111111101011000
111111101011010
111111101011100
111111101011110
111111101100000
111111101100010
111111101100100
111111101100110
111111101101000
111111101101010
111111101101100
111111101101110
111111101110000
111111101110010
111111101110100
111111101110110
111111101111000
111111101111010
111111101111100
111111101111110
111111110000000
111111110000010
111111110000100
111111110000110
111111110001000
111111110001010
111111110001100
111111110001110
111111110010000
111111110010010
111111110010100
111111110010110
111111110011000
111111110011010
111111110011100
111111110011110
111111110100000
111111110100010
111111110100100
111111110100110
111111110101000
111111110101010
111111110101100
111111110101110
111111110110000
111111110110010
111111110110100
111111110110110
111111110111000
111111110111010
111111110111100
111111110111110
111111111000000
111111111000010
111111111000100
111111111000110
111111111001000
111111111001010
111111111001100
111111111001110
111111111010000
111111111010010
111111111010100
111111111010110
111111111011000
111111111011010
111111111011100
111111111011110
111111111100000
111111111100010
111111111100100
111111111100110
111111111101000
111111111101010
111111111101100
111111111101110
111111111110000
111111111110010
111111111110100
111111111110110
111111111111000
111111111111010
111111111111100
111111111111110
000000000000000
000000000000010
000000000000100
000000000000110
000000000001000
000000000001010
000000000001100
000000000001110
000000000010000
000000000010010
000000000010100
000000000010110
000000000011000
000000000011010
000000000011100
000000000011110
000000000100000
000000000100010
000000000100100
000000000100110
000000000101000
000000000101010
000000000101100
000000000101110
000000000110000
000000000110010
000000000110100
000000000110110
000000000111000
000000000111010
000000000111100
000000000111110
000000001000000
000000001000010
000000001000100
000000001000110
000000001001000
000000001001010
000000001001100
000000001001110
000000001010000
000000001010010
000000001010100
000000001010110
000000001011000
000000001011010
000000001011100
000000001011110
000000001100000
000000001100010
000000001100100
000000001100110
000000001101000
000000001101010
000000001101100
000000001101110
000000001110000
000000001110010
000000001110100
000000001110110
000000001111000
000000001111010
000000001111100
000000001111110
000000010000000
000000010000010
000000010000100
000000010000110
000000010001000
000000010001010
000000010001100
000000010001110
000000010010000
000000010010010
000000010010100
000000010010110
000000010011000
000000010011010
000000010011100
000000010011110
000000010100000
000000010100010
000000010100100
000000010100110
000000010101000
000000010101010
000000010101100
000000010101110
000000010110000
000000010110010
000000010110100
000000010110110
000000010111000
000000010111010
000000010111100
000000010111110
000000011000000
000000011000010
000000011000100
000000011000110
000000011001000
000000011001010
000000011001100
000000011001110
000000011010000
000000011010010
000000011010100
000000011010110
000000011011000
000000011011010
000000011011100
000000011011110
000000011100000
000000011100010
000000011100100
000000011100110
000000011101000
000000011101010
000000011101100
000000011101110
000000011110000
000000011110010
000000011110100
000000011110110
000000011111000
000000011111010
000000011111100
000000011111110
000000100000000
000000100000010
000000100000100
000000100000110
000000100001000
000000100001010
000000100001100
000000100001110
000000100010000
000000100010010
000000100010100
000000100010110
000000100011000
000000100011010
000000100011100
000000100011110
000000100100000
000000100100010
000000100100100
000000100100110
000000100101000
000000100101010
000000100101100
000000100101110
000000100110000
000000100110010
000000100110100
000000100110110
000000100111000
000000100111010
000000100111100
000000100111110
000000101000000
000000101000010
000000101000100
000000101000110
000000101001000
000000101001010
000000101001100
000000101001110
000000101010000
000000101010010
000000101010100
000000101010110
000000101011000
000000101011010
000000101011100
000000101011110
000000101100000
000000101100010
000000101100100
000000101100110
000000101101000
000000101101010
000000101101100
000000101101110
000000101110000
000000101110010
000000101110100
000000101110110
000000101111000
000000101111010
000000101111100
000000101111110
000000110000000
000000110000010
000000110000100
000000110000110
000000110001000
000000110001010
000000110001100
000000110001110
000000110010000
000000110010010
000000110010100
000000110010110
000000110011000
000000110011010
000000110011100
000000110011110
000000110100000
000000110100010
000000110100100
000000110100110
000000110101000
000000110101010
000000110101100
000000110101110
000000110110000
000000110110010
000000110110100
000000110110110
000000110111000
000000110111010
000000110111100
000000110111110
000000111000000
000000111000010
000000111000100
000000111000110
000000111001000
000000111001010
000000111001100
000000111001110
000000111010000
000000111010010
000000111010100
000000111010110
000000111011000
000000111011010
000000111011100
000000111011110
000000111100000
000000111100010
000000111100100
000000111100110
000000111101000
000000111101010
000000111101100
000000111101110
000000111110000
000000111110010
000000111110100
000000111110110
000000111111000
000000111111010
000000111111100
000000111111110
000001000000000
000001000000010
000001000000100
000001000000110
000001000001000
000001000001010
000001000001100
000001000001110
000001000010000
000001000010010
000001000010100
000001000010110
000001000011000
000001000011010
000001000011100
000001000011110
000001000100000
000001000100010
000001000100100
000001000100110
000001000101000
000001000101010
000001000101100
000001000101110
000001000110000
000001000110010
000001000110100
000001000110110
000001000111000
000001000111010
000001000111100
000001000111110
000001001000000
000001001000010
000001001000100
000001001000110
000001001001000
000001001001010
000001001001100
000001001001110
000001001010000
000001001010010
000001001010100
000001001010110
000001001011000
000001001011010
000001001011100
000001001011110
000001001100000
000001001100010
000001001100100
000001001100110
000001001101000
000001001101010
000001001101100
000001001101110
000001001110000
000001001110010
000001001110100
000001001110110
000001001111000
000001001111010
000001001111100
000001001111110
000001010000000
000001010000010
000001010000100
000001010000110
000001010001000
000001010001010
000001010001100
000001010001110
000001010010000
000001010010010
000001010010100
000001010010110
000001010011000
000001010011010
000001010011100
000001010011110
000001010100000
000001010100010
000001010100100
000001010100110
000001010101000
000001010101010
000001010101100
000001010101110
000001010110000
000001010110010
000001010110100
000001010110110
000001010111000
000001010111010
000001010111100
000001010111110
000001011000000
000001011000010
000001011000100
000001011000110
000001011001000
000001011001010
000001011001100
000001011001110
000001011010000
000001011010010
000001011010100
000001011010110
000001011011000
000001011011010
000001011011100
000001011011110
000001011100000
000001011100010
000001011100100
000001011100110
000001011101000
000001011101010
000001011101100
000001011101110
000001011110000
000001011110010
000001011110100
000001011110110
000001011111000
000001011111010
000001011111100
000001011111110
000001100000000
000001100000010
000001100000100
000001100000110
000001100001000
000001100001010
000001100001100
000001100001110
000001100010000
000001100010010
000001100010100
000001100010110
000001100011000
000001100011010
000001100011100
000001100011110
000001100100000
000001100100010
000001100100100
000001100100110
000001100101000
000001100101010
000001100101100
000001100101110
000001100110000
000001100110010
000001100110100
000001100110110
000001100111000
000001100111010
000001100111100
000001100111110
000001101000000
000001101000010
000001101000100
000001101000110
000001101001000
000001101001010
000001101001100
000001101001110
000001101010000
000001101010010
000001101010100
000001101010110
000001101011000
000001101011010
000001101011100
000001101011110
000001101100000
000001101100010
000001101100100
000001101100110
000001101101000
000001101101010
000001101101100
000001101101110
000001101110000
000001101110010
000001101110100
000001101110110
000001101111000
000001101111010
000001101111100
000001101111110
000001110000000
000001110000010
000001110000100
000001110000110
000001110001000
000001110001010
000001110001100
000001110001110
000001110010000
000001110010010
000001110010100
000001110010110
000001110011000
000001110011010
000001110011100
000001110011110
000001110100000
000001110100010
000001110100100
000001110100110
000001110101000
000001110101010
000001110101100
000001110101110
000001110110000
000001110110010
000001110110100
000001110110110
000001110111000
000001110111010
000001110111100
000001110111110
000001111000000
000001111000010
000001111000100
000001111000110
000001111001000
000001111001010
000001111001100
000001111001110
000001111010000
000001111010010
000001111010100
000001111010110
000001111011000
000001111011010
000001111011100
000001111011110
000001111100000
000001111100010
000001111100100
000001111100110
000001111101000
000001111101010
000001111101100
000001111101110
000001111110000
000001111110010
000001111110100
000001111110110
000001111111000
000001111111010
000001111111100
000001111111110
000010000000000
000010000000010
000010000000100
000010000000110
000010000001000
000010000001010
000010000001100
000010000001110
000010000010000
000010000010010
000010000010100
000010000010110
000010000011000
000010000011010
000010000011100
000010000011110
000010000100000
000010000100010
000010000100100
000010000100110
000010000101000
000010000101010
000010000101100
000010000101110
000010000110000
000010000110010
000010000110100
000010000110110
000010000111000
000010000111010
000010000111100
000010000111110
000010001000000
000010001000010
000010001000100
000010001000110
000010001001000
000010001001010
000010001001100
000010001001110
000010001010000
000010001010010
000010001010100
000010001010110
000010001011000
000010001011010
000010001011100
000010001011110
000010001100000
000010001100010
000010001100100
000010001100110
000010001101000
000010001101010
000010001101100
000010001101110
000010001110000
000010001110010
000010001110100
000010001110110
000010001111000
000010001111010
000010001111100
000010001111110
000010010000000
000010010000010
000010010000100
000010010000110
000010010001000
000010010001010
000010010001100
000010010001110
000010010010000
000010010010010
000010010010100
000010010010110
000010010011000
000010010011010
000010010011100
000010010011110
000010010100000
000010010100010
000010010100100
000010010100110
000010010101000
000010010101010
000010010101100
000010010101110
000010010110000
000010010110010
000010010110100
000010010110110
000010010111000
000010010111010
000010010111100
000010010111110
000010011000000
000010011000010
000010011000100
000010011000110
000010011001000
000010011001010
000010011001100
000010011001110
000010011010000
000010011010010
000010011010100
000010011010110
000010011011000
000010011011010
000010011011100
000010011011110
000010011100000
000010011100010
000010011100100
000010011100110
000010011101000
000010011101010
000010011101100
000010011101110
000010011110000
000010011110010
000010011110100
000010011110110
000010011111000
000010011111010
000010011111100
000010011111110
