[[[[10.
     9.984375
     9.96875
    ...
     9.421875
     9.40625
     9.390625]
   [ 9.375
     9.359375
     9.34375
    ...
     8.796875
     8.78125
     8.765625]
   [ 8.75
     8.734375
     8.71875
    ...
     8.171875
     8.15625
     8.140625]
   ...
   [ 6.875
     6.859375
     6.84375
    ...
     6.296875
     6.28125
     6.265625]
   [ 6.25
     6.234375
     6.21875
    ...
     5.671875
     5.65625
     5.640625]
   [ 5.625
     5.609375
     5.59375
    ...
     5.046875
     5.03125
     5.015625]]

  [[ 5.
     4.984375
     4.96875
    ...
     4.421875
     4.40625
     4.390625]
   [ 4.375
     4.359375
     4.34375
    ...
     3.796875
     3.78125
     3.765625]
   [ 3.75
     3.734375
     3.71875
    ...
     3.171875
     3.15625
     3.140625]
   ...
   [ 1.875
     1.859375
     1.84375
    ...
     1.296875
     1.28125
     1.265625]
   [ 1.25
     1.234375
     1.21875
    ...
     0.671875
     0.65625
     0.640625]
   [ 0.625
     0.609375
     0.59375
    ...
     0.046875
     0.03125
     0.015625]]

  [[ 0.
    -0.015625
    -0.03125
    ...
    -0.578125
    -0.59375
    -0.609375]
   [-0.625
    -0.640625
    -0.65625
    ...
    -1.203125
    -1.21875
    -1.234375]
   [-1.25
    -1.265625
    -1.28125
    ...
    -1.828125
    -1.84375
    -1.859375]
   ...
   [-3.125
    -3.140625
    -3.15625
    ...
    -3.703125
    -3.71875
    -3.734375]
   [-3.75
    -3.765625
    -3.78125
    ...
    -4.328125
    -4.34375
    -4.359375]
   [-4.375
    -4.390625
    -4.40625
    ...
    -4.953125
    -4.96875
    -4.984375]]

  ...

  [[-5.
    -4.984375
    -4.96875
    ...
    -4.421875
    -4.40625
    -4.390625]
   [-4.375
    -4.359375
    -4.34375
    ...
    -3.796875
    -3.78125
    -3.765625]
   [-3.75
    -3.734375
    -3.71875
    ...
    -3.171875
    -3.15625
    -3.140625]
   ...
   [-1.875
    -1.859375
    -1.84375
    ...
    -1.296875
    -1.28125
    -1.265625]
   [-1.25
    -1.234375
    -1.21875
    ...
    -0.671875
    -0.65625
    -0.640625]
   [-0.625
    -0.609375
    -0.59375
    ...
    -0.046875
    -0.03125
    -0.015625]]

  [[ 0.
     0.015625
     0.03125
    ...
     0.578125
     0.59375
     0.609375]
   [ 0.625
     0.640625
     0.65625
    ...
     1.203125
     1.21875
     1.234375]
   [ 1.25
     1.265625
     1.28125
    ...
     1.828125
     1.84375
     1.859375]
   ...
   [ 3.125
     3.140625
     3.15625
    ...
     3.703125
     3.71875
     3.734375]
   [ 3.75
     3.765625
     3.78125
    ...
     4.328125
     4.34375
     4.359375]
   [ 4.375
     4.390625
     4.40625
    ...
     4.953125
     4.96875
     4.984375]]

  [[ 5.
     5.015625
     5.03125
    ...
     5.578125
     5.59375
     5.609375]
   [ 5.625
     5.640625
     5.65625
    ...
     6.203125
     6.21875
     6.234375]
   [ 6.25
     6.265625
     6.28125
    ...
     6.828125
     6.84375
     6.859375]
   ...
   [ 8.125
     8.140625
     8.15625
    ...
     8.703125
     8.71875
     8.734375]
   [ 8.75
     8.765625
     8.78125
    ...
     9.328125
     9.34375
     9.359375]
   [ 9.375
     9.390625
     9.40625
    ...
     9.953125
     9.96875
     9.984375]]]]