000000001110001
000000001000100
000000000011110
000000000010010
000000001101001
000000000101010
000000000110011
000000001100010
000000000010010
000000000111011
000000000011010
000000000100101
000001001110100
000000000100110
000000000101100
000000000011001
000000000011011
000000000110110
000000000101000
000000001100001
000000000110001
000000000101010
000000100011001
000000000111101
000000000001110
000000000011111
000000000100001
000000011101011
000000001011101
000000010100000
000000001101001
000000011001100
000000000011111
000000000011011
000000000101000
000000001001001
000000100011111
000000000011000
000000000011010
000000001101101
000000000011011
000000000011001
000000000101100
000000000010110
000000011101010
000000000110110
000000000100011
000000001010100
000000001111001
000000000011010
000100101010000
000000001001000
000000001001011
000000000100001
000000000010100
000000001001010
000000010001001
000000000101100
000000001111010
000000000010111
000010001000000
000000000100000
000000000100110
000000001000001
000000100110110
000000011010001
000000001011010
000000000111100
000000000111111
000000001100000
000000000010011
000000000010111
000000001010100
000000000101001
000001111000110
000000000100110
000000001100000
000001010011101
000000001010100
000000000011001
000000010100111
000000111011010
000000010100101
000000001000010
000000000110011
000000000011000
000010010010101
000000000011110
000000001111100
000000000010111
000001000100011
000000000011010
000000001001100
000000010001100
000000000101101
000000000010110
000000010110001
000000010101001
000000010000010
000000000111011
000000010000010
000000000011111
000000001101010
000000000110101
000000000110100
000000101010101
000000001001101
000000010001111
000000000101011
000000000111010
000000000010001
000000000010000
000000000110000
000000000100101
000000001100000
000000010011000
000000000011011
000000000101011
000000010010110
000000101110011
000000000010110
000000000011100
000000000010101
000000000110001
000000000001110
000000000110111
000000000100100
000000000101111
000000001001010
000000100010101
000000001110111
000000000101010
000000001100011
000000001100101
000000110010100
000000000011100
000000001001001
000000001101100
000000001001010
000000000110000
000000001001101
000000000100110
000000000100101
000000010010011
000000100010110
000000001100111
000000001010100
000000010001010
000000001101101
000000001100000
000000000101111
000000000110011
000000000110100
000000001000011
000000001001100
000000001001111
000000000011011
000000000011001
000000000111010
000000000110010
000000011001110
000000010000101
000000001111100
000000000111111
000000001000001
000000000011100
000000000110011
000000010101000
000000011000010
000000001011111
000000110000111
000000000101100
000000000100011
000000000111001
000000000011101
000000001000010
000000010010001
000000010000101
000000001000001
000000000110100
000000010000011
000000000110000
000000001010100
000000001110101
000000000110011
000000101111011
000000000001111
000000000110110
000000000100010
000000000100110
000000000010101
000000000110000
000000001100010
000000000100001
000000000011010
000000000100100
000000000010001
000000100001011
000000111101101
000000000100001
000000010010001
000000000111000
000000001110110
000000000010000
000000000010101
000000001101100
000001110111110
000000000001011
000000000011100
000000010010111
000000001011011
000000000101010
000000000101101
000000000011101
000000000111000
000000000010100
000000010100110
000000000011011
000000000101101
000000001000000
000000000010010
000000000111111
000000000100001
000000000100100
000000000111011
000000000111001
000000000110101
000000000100010
000000100101001
000000000101001
000000000110110
000000011101010
000000000100111
000000000010110
000000001000001
000000001000011
000000000011101
000000111101101
000000000111111
000000000010001
