[[[[ 4.      3.9375  3.875   3.8125  3.75    3.6875  3.625   3.5625]
   [ 3.5     3.4375  3.375   3.3125  3.25    3.1875  3.125   3.0625]
   [ 3.      2.9375  2.875   2.8125  2.75    2.6875  2.625   2.5625]
   [ 2.5     2.4375  2.375   2.3125  2.25    2.1875  2.125   2.0625]]

  [[ 2.      1.9375  1.875   1.8125  1.75    1.6875  1.625   1.5625]
   [ 1.5     1.4375  1.375   1.3125  1.25    1.1875  1.125   1.0625]
   [ 1.      0.9375  0.875   0.8125  0.75    0.6875  0.625   0.5625]
   [ 0.5     0.4375  0.375   0.3125  0.25    0.1875  0.125   0.0625]]

  [[-2.     -1.875  -1.75   -1.625  -1.5    -1.375  -1.25   -1.125 ]
   [-1.     -0.875  -0.75   -0.625  -0.5    -0.375  -0.25   -0.125 ]
   [ 0.      0.125   0.25    0.375   0.5     0.625   0.75    0.875 ]
   [ 1.      1.125   1.25    1.375   1.5     1.625   1.75    1.875 ]]

  [[ 2.      2.125   2.25    2.375   2.5     2.625   2.75    2.875 ]
   [ 3.      3.125   3.25    3.375   3.5     3.625   3.75    3.875 ]
   [ 4.      4.125   4.25    4.375   4.5     4.625   4.75    4.875 ]
   [ 5.      5.125   5.25    5.375   5.5     5.625   5.75    5.875 ]]]]