[[ 1.522857  ]
 [ 1.5417596 ]
 [ 1.56153   ]
 [ 1.5820972 ]
 [ 1.3324999 ]
 [ 1.3428229 ]
 [ 1.353326  ]
 [ 1.3638768 ]
 [ 1.1421428 ]
 [ 1.1438862 ]
 [ 1.145122  ]
 [ 1.1456566 ]
 [ 0.95178556]
 [ 0.94494945]
 [ 0.936918  ]
 [ 0.92743623]
 [ 0.7614285 ]
 [ 0.74601275]
 [ 0.728714  ]
 [ 0.70921594]
 [ 0.5710714 ]
 [ 0.547076  ]
 [ 0.52051   ]
 [ 0.49099565]
 [ 0.38071424]
 [ 0.3481393 ]
 [ 0.312306  ]
 [ 0.27277535]
 [ 0.19035712]
 [ 0.14920256]
 [ 0.104102  ]
 [ 0.05455507]
 [-1.522857  ]
 [-1.5417596 ]
 [-1.56153   ]
 [-1.5820972 ]
 [-1.3324999 ]
 [-1.3428229 ]
 [-1.353326  ]
 [-1.3638768 ]
 [-1.1421428 ]
 [-1.1438862 ]
 [-1.145122  ]
 [-1.1456566 ]
 [-0.95178556]
 [-0.94494945]
 [-0.936918  ]
 [-0.92743623]
 [-0.7614285 ]
 [-0.74601275]
 [-0.728714  ]
 [-0.70921594]
 [-0.5710714 ]
 [-0.547076  ]
 [-0.52051   ]
 [-0.49099565]
 [-0.38071424]
 [-0.3481393 ]
 [-0.312306  ]
 [-0.27277535]
 [-0.19035712]
 [-0.14920256]
 [-0.104102  ]
 [-0.05455507]]