111111100110100
111111100111011
111111100111001
111111100111011
111111101001111
111111101010110
111111101010100
111111101010101
111111101101010
111111101101111
111111101101110
111111101101111
111111110000101
111111110001010
111111110001001
111111110001010
111111110100000
111111110100011
111111110100011
111111110100100
111111110111100
111111110111110
111111110111101
111111110111110
111111111010110
111111111011000
111111111011000
111111111011000
111111111110010
111111111110010
111111111110010
111111111110010
000000000001100
000000000001100
000000000001101
000000000001100
000000000101000
000000000100110
000000000100111
000000000100110
000000001000010
000000001000000
000000001000010
000000001000000
000000001011110
000000001011011
000000001011100
000000001011010
000000001111001
000000001110100
000000001110110
000000001110100
000000010010100
000000010001111
000000010010001
000000010001111
000000010101111
000000010101000
000000010101011
000000010101001
000000011001010
000000011000011
000000011000110
000000011000011
