[[[[ 5.
     4.9921875
     4.984375
    ...
     4.7109375
     4.703125
     4.6953125]
   [ 4.6875
     4.6796875
     4.671875
    ...
     4.3984375
     4.390625
     4.3828125]
   [ 4.375
     4.3671875
     4.359375
    ...
     4.0859375
     4.078125
     4.0703125]
   ...
   [ 3.4375
     3.4296875
     3.421875
    ...
     3.1484375
     3.140625
     3.1328125]
   [ 3.125
     3.1171875
     3.109375
    ...
     2.8359375
     2.828125
     2.8203125]
   [ 2.8125
     2.8046875
     2.796875
    ...
     2.5234375
     2.515625
     2.5078125]]

  [[ 2.5
     2.4921875
     2.484375
    ...
     2.2109375
     2.203125
     2.1953125]
   [ 2.1875
     2.1796875
     2.171875
    ...
     1.8984375
     1.890625
     1.8828125]
   [ 1.875
     1.8671875
     1.859375
    ...
     1.5859375
     1.578125
     1.5703125]
   ...
   [ 0.9375
     0.9296875
     0.921875
    ...
     0.6484375
     0.640625
     0.6328125]
   [ 0.625
     0.6171875
     0.609375
    ...
     0.3359375
     0.328125
     0.3203125]
   [ 0.3125
     0.3046875
     0.296875
    ...
     0.0234375
     0.015625
     0.0078125]]

  [[ 0.
    -0.0078125
    -0.015625
    ...
    -0.2890625
    -0.296875
    -0.3046875]
   [-0.3125
    -0.3203125
    -0.328125
    ...
    -0.6015625
    -0.609375
    -0.6171875]
   [-0.625
    -0.6328125
    -0.640625
    ...
    -0.9140625
    -0.921875
    -0.9296875]
   ...
   [-1.5625
    -1.5703125
    -1.578125
    ...
    -1.8515625
    -1.859375
    -1.8671875]
   [-1.875
    -1.8828125
    -1.890625
    ...
    -2.1640625
    -2.171875
    -2.1796875]
   [-2.1875
    -2.1953125
    -2.203125
    ...
    -2.4765625
    -2.484375
    -2.4921875]]

  ...

  [[-2.5
    -2.4921875
    -2.484375
    ...
    -2.2109375
    -2.203125
    -2.1953125]
   [-2.1875
    -2.1796875
    -2.171875
    ...
    -1.8984375
    -1.890625
    -1.8828125]
   [-1.875
    -1.8671875
    -1.859375
    ...
    -1.5859375
    -1.578125
    -1.5703125]
   ...
   [-0.9375
    -0.9296875
    -0.921875
    ...
    -0.6484375
    -0.640625
    -0.6328125]
   [-0.625
    -0.6171875
    -0.609375
    ...
    -0.3359375
    -0.328125
    -0.3203125]
   [-0.3125
    -0.3046875
    -0.296875
    ...
    -0.0234375
    -0.015625
    -0.0078125]]

  [[ 0.
     0.0078125
     0.015625
    ...
     0.2890625
     0.296875
     0.3046875]
   [ 0.3125
     0.3203125
     0.328125
    ...
     0.6015625
     0.609375
     0.6171875]
   [ 0.625
     0.6328125
     0.640625
    ...
     0.9140625
     0.921875
     0.9296875]
   ...
   [ 1.5625
     1.5703125
     1.578125
    ...
     1.8515625
     1.859375
     1.8671875]
   [ 1.875
     1.8828125
     1.890625
    ...
     2.1640625
     2.171875
     2.1796875]
   [ 2.1875
     2.1953125
     2.203125
    ...
     2.4765625
     2.484375
     2.4921875]]

  [[ 2.5
     2.5078125
     2.515625
    ...
     2.7890625
     2.796875
     2.8046875]
   [ 2.8125
     2.8203125
     2.828125
    ...
     3.1015625
     3.109375
     3.1171875]
   [ 3.125
     3.1328125
     3.140625
    ...
     3.4140625
     3.421875
     3.4296875]
   ...
   [ 4.0625
     4.0703125
     4.078125
    ...
     4.3515625
     4.359375
     4.3671875]
   [ 4.375
     4.3828125
     4.390625
    ...
     4.6640625
     4.671875
     4.6796875]
   [ 4.6875
     4.6953125
     4.703125
    ...
     4.9765625
     4.984375
     4.9921875]]]]