000001110000010
000001101101101
111100001100000
111001100010110
000001001111111
000011000010100
000110011101111
000100011001011
000000000101011
000000101010001
000101010000010
000000011110111
000101011111110
000011110000111
001110001000111
000000011111100
000010000000101
000001100100010
110110010101110
111101111101100
110010110011111
000010000101001
111101111101100
000100110001011
000110010101101
000111011000010
000101101010010
000101100101010
000000001111111
000110111111110
000001010011101
000110111000101
111111010001101
111111000101111
000010010001000
111000011000001
111110110110101
000000101100111
111111100001110
000011110110101
000101010001000
111111101010001
111010000111011
110100001110110
000000000100101
000100110101001
001001001111001
001000011000111
000011000101000
111110111110111
001000001000000
111101100111000
110000000001110
000101101110011
110110010100101
111111001001000
000000010110011
000010110010111
1100010110011101
110111101011001
1100000101110100
000011011101111
111010100100101
000101010110101
001010001001011
001001010011110
001000000101011
001001001000001
000000100100010
001001011000110
000000100111010
001001011110010
000000111000100
111100111100000
000111000110010
110010000001010
000010111001001
111101001000011
111100101110000
000111000001001
000100111110011
111111001110111
111011011010011
110110110000001
000000000110011
000011110101001
001000000100110
000111101101100
000011011111110
111111010010101
000111110100101
111101110100011
001111011010011
000100011011111
110011101110011
000000000000010
111111110100000
000010000011110
111110001101100
111000110000010
111100111100110
000011011111001
111010111100000
000100001111011
001000100111100
000111110001111
000110111110011
001000000011000
000000011001010
001001000110101
000001001010010
000111101110110
000010000010001
111101100110000
000111001001000
110100000000010
000010111110110
111100110000001
111100011001100
000110001001100
000100101011111
111110110100000
111100101101011
111001010010000
000000001000000
000010110101010
000110111010010
000111000010001
000011111010011
111111100110100
000111100000111
111110000001111
001110110011000
000011001001011
110001001000010
000000110111111
111111010001010
000001010100011
111001100111001
111001110100111
111001001010101
000011100000101
111011010011100
000011001000000
000111000101001
000110010000010
000101110111101
000110111101110
000000001110011
001000110100110
000001101101010
000101111111000
000011001100000
111110010000000
000111001011011
110101111111010
000011000100011
111100010111111
111100000101001
000101010010000
000100011001011
111110011000111
111110000000011
111011110100011
000000001001110
000001110101100
000101101111101
000110010110010
000100010100011
111111111010110
000111001101000
111110001110111
001110001011111
000001110111000
001110100010010
000001101111110
111110101110010
000000100100111
110101000000000
111010111001100
110101011000101
000011100010100
111011101011001
000010000000111
000101100011010
000100101110111
000100110001011
000101111000111
000000000011110
001000100011010
000010010000000
000100001111110
000100010101100
111110111010000
000111001101010
110111111110100
000011001001111
111011111111101
111011110001001
000100011010011
000100001000001
111101111101001
111111010011001
111110010111011
000000001011111
000000110101100
000100100101001
000101101010000
000100101101111
000000001111011
000110111000111
111110011010011
001101100100101
000000100100111
001011111101000
000010100111110
111110001010111
111111110101000
110000011000011
111011111110001
110001100110001
000011100100010
111100000010011
000000111001100
000100000010001
000011001101111
000011101011111
000100110100100
111111111001101
001000010010110
000010110010111
000010100000101
000101011111010
111111100011101
000111001110011
111001111101011
000011001110000
111011100111011
111011011101101
000011100010101
000011110011111
111101101011011
000000010101000
000000010110111
000000001111011
000000000010101
000011100110010
000101000001110
000100110110010
000000011111011
000110100000010
111110101010011
001100101100010
111111100100110
001001101100100
000011010010011
111101110001101
111111001111001
001100010100100
111100111011110
001110001111011
000011100000111
111100010111110
000000000010111
000010110000001
000010000000010
000010110000111
000011111001011
111111110001001
000111111100011
000011001100110
000001001011100
000110010001001
000000000011001
000111000010110
111011100111100
000011000111100
111011011100010
111011010100010
000010110001010
000100101111110
111101101000101
000000110110110
000001011010001
111110110001001
000000100011011
000011011111110
000011111000111
000101000001000
000000001100111
000101011010101
111101000011001
001011111010111
111110101101110
000111010110001
000010100000100
111110010000101
111111111010011
001011011110111
111011110100110
001100011101110
000011101111100
111101000011010
111110111011011
000001011000100
000001110101100
000001101110110
000010111011110
111111100101110
000101111111010
000001110000000
111111110000001
000100101100001
111111001001100
000101100101011
111011011001011
000010001011101
111100000101101
111100000011111
000010111010011
111000011001111
111110101011010
000011100100010
11111000101001
111111000001100
000010001001001
001100010101001
000011000111001
111100011110101
000100100010101
001010011010000
000000101011110
000101010101000
000011000111110
110001001100010
000000100100111
111000101000111
111111110100111
110001100110111
110100110000100
110100001000010
111111101101101
111110101111001
000010011100100
000001110001011
000101010101010
000110010111111
000001111110010
111010111001010
111111111111000
000011011100010
000011101110101
110011101010111
111000000110001
001001010001111
110011011001100
111011100101111
111100110011000
111010010000001
000100100010000
110010010100011
000001011010110
111011101100011
11111010100001
111101110100010
000111101011010
111000111000101
000110011110101
110010101011001
000011100001011
001110011100001
111111000101011
000101110001111
001111011100001
1100111011110001
110111001101000
110111101111001
000101111100011
1101101010101010
11001000111101
1101100010101001
111010010011110
111101001001010
001011000111111
001111101011010
001101101011110
001110101000011
000111011110000
111001100010111
111010000000000
111100010010111
110011011000110
1100111111
110010010011011
001101000010111
111001011101
111110000000010
111111110011100
111011000001011
000111011111101
110010110010000
000001101000011
111100111100100
110010000110101
111111001011101
001000000011001
110111111000110
000100011111110
110010000100100
000100000011100
001101011100010
111100111011001
000101000010100
001111011100001
1100110101101101
111000100110100
111001011101011
000100000000001
1100111100100110
11001110101110
1101000011001001
111011100111100
111011110100011
001011001001101
110000001010111
001011010110100
001110111111110
000110001010100
111000100000101
111000010111000
111010101010110
110011111001110
111011011101
110011111100001
001100101011001
1101011011011
111110100011001
111111100001000
111100111010100
000111011101100
110011010000100
000001110110000
111110001101001
110100111011111
000000100010011
001000011010101
110110111001000
000010011111010
110001011110100
000100100101000
001100011100010
111010110011010
000100010100000
001111011010100
1100101111011010
111010000000110
111011001011001
000010001000101
1100001110001011
11010100011101
1100100011110101
111100111010110
111010011110000
001011001010110
110000101011000
001001000010100
001111011000000
000100110110111
110111011101111
110110101110010
111001000011111
110100011010011
1110010001001
110101100101001
001100010011011
1111101010101
111111000101100
111111001110100
111110110100110
000111011011000
110011110000000
000010000100001
111111011100101
110111110010110
000001111010000
001000110011000
110101111010111
000000011110000
110000111000010
000101000110110
001011011100001
111000101011100
000011100111101
001111011000001
1100101001000101
111011011010100
111100110111111
000000010010001
111011111101111
11011010000110
1100000100011110
111110001110010
111001000110100
001011001011110
110001001100101
000110101111100
001111110001100
000011100100100
110110011001111
110101000101111
110111011100101
110100111010001
11001000110111
110111001110101
001011111010100
11001111011000
111111101000110
111110111100001
000000101111100
000111011000001
110100001111001
000010010010011
000000101011000
111010101011000
000011010010110
001001001100100
110100111100100
111110011100111
110000010010010
000101101000001
001010011110001
110110100011011
000010111100101
001111010101010
1100100010101111
111100110100001
111110100101101
111110011011111
110110001010001
11011111110010
111100101000100
111111100000101
110111101110111
001011001101010
110001101111000
000100011100111
110000001100010
000010010010100
110101010101110
110011011111001
110101110101011
110101011011010
11011111011000
111000111000100
001011100001001
11100001100000
000000001101110
111110101001111
000010101011001
000111010101100
110100101110010
000010011111101
000001110111101
111101100010111
000100101100101
001001100111100
110011111111000
111100011100001
11111101100110
000110001001100
001001100000000
110100011111110
000010010000101
001111010010000
1100011100100110
111110001011101
000000010100010
111100100110001
110000010101000
11100101100100
111000101101001
000000110010110
110110010101001
001011001110001
110010010001011
000010001011011
110000100111010
000001000001100
110100010001000
110001110111111
110100001110010
110101111101110
11110110000010
111010100100011
001011001010000
11110011100101
000000110010011
111110010111110
000100101001110
000111010100001
111011010111101
000010000011110
111110000001110
11001101100001
000001111100011
000110100111100
001011111111000
111111101110110
110110101000010
000001111001000
000100111111101
111001110110000
000001100011001
001001110000110
110101110000001
111100111000100
000001010111001
000000010110110
001110110111000
110100101010011
110010010110101
000000101110111
111000110000011
000111100001110
001100100010100
000011011110100
001001111101100
000010011111111
111001101100000
111000011001000
110111111100111
110000001101100
110101001010010
111100011111101
000101000000100
110011001000100
000000100110100
000000000000010
000011001101010
000100101011011
111010111100011
000000111101000
000011111111101
110010100010011
000100000110001
000100101000101
001000110110001
111011101010001
110111111100011
000100000000001
000100000111000
110111111001110
000000110000001
000110011011010
110000111110101
000001100000100
000010000000111
111011001100101
000000111111011
110111011111011
000111101001101
000010111011100
111000110011011
000100011101000
000111111100111
111110101110111
001001010100110
111110101100111
110111001010101
110111010011010
111000101110101
001011000110000
111011001000010
111110110100010
000101111111111
111001110001110
111111011011100
111101101100111
000011110111110
000100010100011
110110110011010
000010010001100
000011111110011
1101111011010
000110100100110
001000001000010
001110100110001
111001100100001
110001011100101
000101101100001
000110101011000
110011101001111
111111111000011
001100010110000
111100101101111
000000100110001
000011011100110
111001101001010
000100001000010
110001100001001
001110000011010
000011010000100
110100110110011
001000111110111
001111101000111
111110011000101
001111001010101
111110101101011
110011000100001
110001001010001
110011011000101
110100011101101
110101011001011
111110010111101
001000111101100
110100110010000
000000001010000
111101101000011
000110100111100
000110010010100
110111110011101
000001111011110
000100001101101
11000011010011
000110011010011
000111001000000
001100011110000
111001011001110
110010111100100
000100111110001
000101111000110
110100010000111
111111100001110
001010110001110
111001110000100
000000111011110
000011111001111
111001011011001
000001110101110
110011010110001
001011011011100
000011101010100
110100111100010
000111101010101
001101111010111
111101111110111
001101111111011
111110011011101
110011001010100
110001111011101
110011111001011
110011001110011
110111000101000
111111001100111
001000000010001
110110010110101
111111101010101
111101010011011
000110000111110
000101110000101
111000110001111
000001100101100
000100011101010
11010110111101
000110010001110
000110001000011
001010010011100
111001010001100
110100011100001
000100001111101
000101000101100
110100111000000
111111001000100
001001001101100
110110110011101
000001010011111
000100010111001
111001001011100
111111100001001
110101001100001
001000110100011
000100000000111
110101000001011
000110010110011
001100001100111
111101100101111
001100110101000
111110001010011
110011010000111
110010101100011
110100011010010
110010000001000
111000110000000
000000000000000
000111000110100
110111111010001
111111001011101
111100111101011
000101100111001
000101001111111
111001101111101
000001001111010
000100101101001
11101010101010
000110001000110
000101001000111
001000001000101
111001001001110
110101111011000
000011100000111
000100010001111
110101100000010
111110101110010
000111101001011
110011110111100
000001101101010
000100110100011
111000111011111
111101001010110
110111000010100
000110001101001
000100010111001
110101000110010
000101000010101
001010011101101
111101001101001
001011101011000
111101111000111
110011010111010
110011011101110
110100111011011
110000110100100
111010011010110
000000110011101
000110001010011
111001011101111
111110101100001
111100100111000
000101000101100
000100101111011
111010101101101
000000111001000
000100111101000
11111110011011
000110000000110
000100001001100
000101111110010
111001000011001
110111011001000
000010110001101
000011011101000
110110001000111
111110010100101
000110000101100
110000111101000
000010000111000
000101010001101
111000101011111
111010110011011
111000111001000
000011100101000
000100101101111
110101001010011
000011101111101
001000101101111
111100110101000
001010100001000
111101100111101
110011011110110
110100001110111
110101011011010
001111100111011
111100000110100
000001100111100
000101001110110
111011000011000
111110001101010
111100010000110
000100100011010
000100001111010
111011101101010
000000100011010
000101001010110
110010010001001
000101111010110
000011001010011
000011110110000
111000111100011
111000110111000
000010000010101
000010101010110
110110110001010
111101111010111
000100100001111
001110000000111
000010100001010
000101101110101
111000011100010
111000011110011
111010110000010
000000111101000
000101000011111
110101001111010
000010011100101
000110111111011
111100011110110
001001010111100
111101010101111
110011100111001
110100111111101
110101111100000
001110011001101
111101110000110
000010011011000
000100010100010
111100101001101
111101110000001
111011111010100
000011111111110
000011110000100
111101110100010
111111100110110
000001101001100
110111010110010
000001011101110
000000011011001
000000000001001
111100111000111
111100111000011
111111101011101
000000101001100
111100111110011
111101111111111
000000101011111
000100101000010
000000000110101
000010001000111
111101001110011
111100111101010
111101111010111
111111111101000
000001000110011
111011000100101
111111101101010
000001000011000
111111100110001
000011010001001
111110100111100
111001110110101
111010101111010
111011010010000
000110111101010
111100110100100
000000010101011
000000111100101
111101000011111
111101001100101
111101110011110
000000010101000
000000111011000
111110110101010
111111001000011
000000111011101
110111110100011
111111110110110
111101010100010
111101011100001
111111001010111
000000100100011
111101100101000
111111001111110
000010000000011
111100100000101
111101100010111
111110110111111
111110000101100
000001111000110
111111110001000
000000110000110
000001101011111
111110010001011
111111111000101
111101110110110
111100110001100
111100111000010
000010011000110
000000111011101
111111100010100
111010110101101
111101100110001
111110001001011
000011010010000
111011011100001
000000000111111
111111000010100
111110100111111
111010100101010
111110011000110
111101010010011
000000010001010
111101101010101
111111010000110
000010110111111
110101011100111
000001101111000
111110101100001
111101101011000
111100010101000
111110101101110
111110001010111
000000001111000
111110000101011
111011111010011
111110101100001
000010000110001
111111101100100
000011100101111
111100101010100
111011100110011
000000010011100
111101000011011
000001111000010
111010101000011
111101011100001
111110010100101
000000100000010
000011000011010
111110001110111
110111001010001
111010000000111
111011010000011
000111010111111
111011101010100
000001010001101
111111101100000
111110000101100
111010011110110
111100110011110
111110011101011
000001010110110
111101111111110
111110110101110
000001000110100
110100110011101
111111010101010
111101001000011
111100000010111
111110011001111
000000101100100
111100011110100
111111100100110
000001100110010
111011000011010
111100111011101
111110010001101
111101101000100
000010001001100
111111001110111
111111100100110
000001101011010
111101100001001
111111110101010
111101010100101
111011110110000
111011001110101
000011000101110
000000100101010
111111001111001
111001000100000
111100001110110
111101100011111
000100101110011
111001001110101
111111111010100
111101111000101
111101010001001
111000111101100
111101100111001
111100000010000
000000010110101
111101111011100
111110101110011
000001000001010
110100011000011
111111001111101
111101000000111
111011110110101
111110001110001
000000100111110
111100010101111
111111100011011
000001011101101
111010101011101
111100101101001
111110001001100
111101011101100
000010000011000
111111001101111
111111010100011
000001011011100
111101010110010
111111101010010
111101001110100
111011101101010
111011000001110
000011001010101
000000100101001
111111001000101
111000110111100
111011111011100
111101011010000
000100100101011
111001000110100
111111111000011
111101101001011
111101001001001
111000110110000
111101011110101
111011110110011
000000011000100
111101110111001
111110100111000
000000111100000
110011111011101
111111001010110
111100111001100
111011101001101
111110000010000
000000100011100
111100001101001
111111100010010
000001010100111
111010010101001
111100011110000
111110000001100
111101010010100
000001111100111
111111001011110
111111000010110
000001001011010
111101001011111
111111011110111
111101000111111
111011100101000
111010110100010
000011001111111
000000100101100
111111000010010
111000101001110
111011101001001
111101010000011
000100011011011
111000111111100
111111110101101
111101011001110
111101000000111
111000101111000
111101010110010
111011101001111
000000011010100
111101110011000
111110100000010
000000110111010
110011011100100
111111000101110
111100110010110
111011011100001
111101110101011
000000011111111
111100000100011
111111100001100
000001001011101
111001111111001
111100001110110
111101111010000
111101000111111
000001110111010
111111001001101
111110101110111
000000111011011
111101000001110
111111010011100
111101000010010
111011011100110
111010100110001
000011010101000
000000100110001
111110111100001
111000011011010
111011010111100
111101000110100
000100001111101
111000111000101
111111110010010
111101001011001
111100111000000
111000101000001
111101001101010
111011011101010
000000011100100
111101101111001
111110011001111
000000110010101
110010111100010
111110111110111
111100101011101
111011001111011
111101101000110
000000011100111
111011111011100
111111100001101
000001000010010
111001101000111
111011111111101
111101110011101
111100111101010
000001110001010
111111000111110
111110011001100
000000101010100
111100111000111
111111000111010
111100111101000
111011010100100
111010011000001
000011011001101
000000100110100
111110110110011
111000001100011
111011000110010
111100111011110
000100000011000
111000110001000
111111101111000
111100111100100
111100101111000
111000100000100
111101000011100
111011010001100
000000011110101
111101011011011
111110100011101
111110110110101
111000101100011
111101010000111
111110101101011
111100001101101
111100111100000
111110010000000
111101100110110
111111100110010
111101111010010
111011100100000
111101001000000
111110000010001
111110110110010
111111100000010
111110000100101
111011011110010
111110000111010
111101100000000
111101100011010
111110001101101
111101010101101
111011110000100
000000110101010
111110111010011
111110011111011
111011001110000
111100100011010
111100111111010
000000011101110
111011101011011
111110111101100
111100110111001
111100101110100
111011100110001
111101000110001
111100100100000
111111001101000
111101111000010
111110010111110
000000100001101
110110000011010
111111001011111
111100100001100
111100011011100
111110000101110
000000001111110
111100011110100
111110111111111
000001110010000
111010100010001
111100010110101
111101110101110
111101100000111
000001010100010
111111000000010
111111111101011
000000101100011
111101001010110
111111000011000
111101001001100
111100000001011
111100000000110
000001111110000
000000100101110
111110101110100
111010001100100
111011101000001
111101011101001
000010101101100
111010101111100
111111011010000
111101110111101
111101101111101
111010000000011
111101110100000
111100000100000
000000000100001
111101101010001
111110011010001
000000001001001
110011111110111
111110011110101
111101001011001
111011100010011
111101001001000
111111111011010
111100010101100
111111101001011
000000000100111
111001100001001
111011111100010
111101101110000
111101001000100
000001010000000
111110111101111
111100111010010
111111100011000
111101010000010
111110010110010
111101011110001
111011111000111
111010101101001
000011000110110
000000011001010
111110101101101
111000110010001
111011001110101
111100110011110
000010101101011
111001101000110
111111101100010
111100011001000
111100110010100
111001100111110
111101000000110
111011010001110
000000011010011
111101101111111
111110100001110
111111111101000
110100101111001
111110011000111
111101011011101
111011111000000
111101001100110
111111110010101
111100101001100
111111101101110
111111111001110
111001110000001
111100001001001
111101111001010
111101010010100
000001000111110
111110111001011
111100101010110
111111010000011
111101100101000
111110001110111
111101110000100
111100001111000
111010111110010
000010111100001
000000010100001
111110101111111
111001001100100
111011011110001
111100111010000
000010010001100
111010001011001
111111101111011
111100011100011
111100111101000
111010001010110
111101001001000
111011100011100
000000010111101
111101110111010
111110101001011
111111110000100
110101011111110
111110010010101
111101101100000
111100001101101
111101010001100
111111101010110
111100111101101
111111110010000
111111101101001
111001111111010
111100010110000
111110000110001
111101011101001
000001000000000
111110110101000
111100011100000
111110111110001
111101111001010
111110000111110
111110000001101
111100100101000
111011010000001
000010110001011
000000001110110
111110110010101
111001100110110
111011101100111
111101000001010
000001110101100
111010101100101
111111110010011
111100100000010
111101000111011
111010101100011
111101010001000
111011110011111
000000010101000
111110000111101
111110101101000
111111011110011
110110010011100
111110000110111
111101111110111
111100101011001
111101010101000
111111100000010
111101010111010
111111110011101
111111011011011
111010010000000
111100100010011
111110001010101
111101100100110
000000110010110
111110110001110
111100011011011
111110101010101
111110000101010
111110000100010
111110001000100
111100111011000
111011100110011
000010011110010
000000000101110
111110110100000
111001111010100
111100000001011
111101001011010
000001100100010
111011000110001
111111111100000
111100100100011
111101010111101
111011010110100
111101011010101
111011111111010
000000011001000
111110100010111
111110101011011
111111000100111
110111001101001
111101110101010
111110010111000
111101010001010
111101010110100
111111010010001
111101111000011
111111110010010
111111000011110
111010100001001
111100101101010
111110000001001
111101100111101
000000011110000
111110101111101
111100101011100
111110010011110
111110000111010
111110000111110
111110000010111
111101010000001
111100000011110
000001111110010
111111111000001
111110110100111
111010000101001
111100011110000
111101010111010
000001100000111
111011010101000
000000001101010
111100100111000
111101101111011
111100001101010
111101100111001
111100000101011
000000100100111
111110111110111
111110101010101
111110101011000
111000000110011
111101100001111
111110101111001
111101110101101
111101010110010
111111000100001
111110011000111
111111110001110
111110101101100
111010110010010
111100111000000
111101111000010
111101101011101
000000001001010
111110101100000
111100111011111
111101111011110
111110001010010
111110001010111
111101111101010
111101100100111
111100011111111
000001011110110
111111101010100
111110110110000
111010001110000
111100111010011
111101100011111
000001011101001
111011100101010
000000011110110
111100101000001
111110001000101
111101000100000
111101110010110
111100001011001
000000110000011
111111101010101
111110101100110
111101111111110
111011101100101
111101010010100
111111101011010
111110110100101
111101111101100
111110001010001
111111011010110
111111011100010
111101010010000
111100101101000
111101101011100
111101111000111
111110011010110
111110100010100
111111010101001
111101111110010
111101101010000
111101110010101
111110100010110
111110000110100
111110100010001
111101100111111
111111110010110
111111001111000
111110110001111
111011110000111
111110101100011
111110100000011
000000110001101
111100100000101
000000100001010
111101011000001
111110111011100
111111000011010
111110010101110
111101010111100
000000100101111
111110111101101
111111110000101
111110001101111
110111011100010
111110101000110
111111110000101
111111010110011
111111000110001
111110010000100
111110001000111
111111010100001
000000100100110
111010111011011
111111011101101
000000011101010
111101001111111
000001001110101
111111011000011
000010110100010
111110100101100
000001000001100
111110101001000
111101111110010
111111101010110
111111001110001
000010000100000
000000111111010
111111111010111
111100100111110
111100101010010
111101110100100
000011110010110
111010100100110
111111000110101
111100111001000
111101000110111
111101010001000
111111101111000
111110010010100
000000101001111
111111001010011
000000100010111
111011000110101
110100101001100
111101001100010
000001111100100
000001010000110
111110010100001
111011111100101
111110111110001
111111001001001
111110101000000
111001101001101
000000101001111
000010001000000
111011011011100
000001001010110
000000100110001
000100011010111
111011110011010
000011111001110
111101100010100
111101111110101
000001100001001
000000010010101
000011101010001
000001010011101
000000101001010
111011101110001
111100110101101
111100001110011
000101000110111
111000010110110
111111010101000
111011010000100
111011010000101
111101110110001
000000100111000
111110111011101
000001110111101
111111001110101
000001010110010
111001101101001
110010001011110
111101010000011
000011000111100
000010101001101
111110110111011
111010110101001
111110110100110
111110110100110
111110101010111
111001100100100
000010011100001
000100011000011
111010001000110
000001110011111
000001101010001
001000100111010
111011000001000
000110101110011
111101001101001
111110000010111
000011000001111
000010001011101
000100111100011
000010001101000
000001100001000
111100010101010
111100100001101
111011011100110
000111000011000
110110100010001
111110101000110
111010110111101
111001100100100
111110001000111
000001110010011
000000000001101
000010010111001
111111010110011
000010001001000
111000010111101
11111100110110
111101011010011
000100001101110
000011111110010
111111011100100
111001110001000
111110101000011
111110011110000
111110110111011
111001011110111
000100001011010
000110100110000
111000110001100
000010011111110
000010110101001
001100111010101
111010010100100
001001100001010
111100111011100
111110000110001
000100011111110
000100000011111
000110010011010
000011001100010
000010011000101
111100110111011
111100001101010
111010101100110
001001000111000
110100100111101
111101111110010
111010100000011
110111111001010
111110011000001
000010111110111
000001000110001
000010111001010
111111011100111
000010111011010
110111000010010
11100111111101
111101100011011
000101010011100
000101010010010
000000000001100
111000101100000
111110011100000
111110000111011
111111000100111
111001011001010
000101111010100
001000110001011
110111011011001
000011001011111
000100000000111
110001001100111
111001101000110
001100010011011
111100101010100
111110001011000
000101111110100
000101111101100
000111101001000
000100001011111
000011010000011
111101011001100
111011111001111
111001111011111
001011001010110
110010101101010
111101010010101
111010000111100
110110001111100
111110100111011
000100001011001
000010001010110
000011011100001
111111100010101
000011101101101
110101101100111
11010011000111
111101101100011
000110011000100
000110100101011
000000100100100
110111100110011
111110001111101
111101110001000
111111010001101
111001010010010
000111101100001
001010111100010
110110000110101
000011111000000
000101001011011
110101011101110
111000111100001
001111000111010
111100011010000
111110001111111
000111011100100
000111111001000
001000111110001
000101001100000
000100001000010
111101111100010
111011100101001
111001001000111
001101001111100
110000110001101
111100100100110
111001101111010
110100100110111
111110110101001
000101010110101
000011001111011
000100000001010
111111100111101
000100011111101
110100010111000
1111110001100
111101110100110
000111011110011
000111111000110
000001000111010
110110011111110
111110000010010
111101011001000
111111100000101
111001001000111
001001011110100
001101000111110
110100110010110
000100100101100
000110011000000
111001101100010
111000010000001
110001111100000
111100001000011
111110010101011
001000111010111
001001110010110
001010010010110
000110001100011
000101000000000
111110011110000
111011001110100
111000010101100
001111010011101
11110111000101
111011111000000
111001011000001
110010111110101
111111000010000
000110100010010
000100010101010
000100100110101
000000101111101
000001100101011
111001100111110
110000110101110
111101011101011
000011110110100
000101011010110
000000001110101
111011011111001
111110101101000
111110100011110
111100010011101
000000101000001
000101000100011
001001000010111
111000100111100
000000101110100
000101010110011
110001111100101
111001011010001
001010110111100
111101011011000
111111101000001
000011110111010
000110011001101
000101001100001
000010101110011
000010100001100
111110100011110
111101111000000
111010111110001
000111100110110
110101000111110
111101101100110
111110001110110
110111110101001
000010011000101
000010100110101
000001100000101
000011000000101
111100110111000
001000001000111
110010111010001
111001111000
000000110000101
001011011110000
001010110000010
000001111110111
110001101100101
111101111111100
111101010110111
000001100011110
110011100011001
001110101110010
110011000110011
110101000011111
001000110110101
000110001110100
111100001101110
111000010110110
110111010010110
111101011111011
111100011010010
001110001110100
001101110101001
001101000110100
001010100101010
000110110110010
111110111001010
110111110100101
110110010110010
110110110001010
11100101001010
111001111011000
110111010001111
11111111011010
111011111110111
001001111001001
001001101100000
000110000011111
111111100010100
000110101111100
110000101001011
11001011110
111110101001011
001010010110001
001010100101010
000011000101010
110100010011011
111100111011001
111100111101000
000000000110111
111001001111100
001110010100101
110011111000010
110010000101111
000110111110000
001001000111110
1100100111000111
110110101101100
111010100111001
111011101000000
111110010111100
001100111111101
001110110110000
001110001100101
001001010001111
000111111011000
000000001011100
111011000001111
110110010110011
110100101001101
11011011111001
111010000011001
111000100101001
11110010110011
111110111111001
001001001010010
000111010010100
000110001101001
111111101010110
000111010000110
11111100000011
111110111000000
111110110001101
001011001101111
001011100110010
000011110001111
110011111000101
111100100011001
111101010011100
111111111100001
111001110110011
001111100111100
110110100000110
110001010111101
000111100110110
001001110011101
1101001011110111
110101110101111
111110010111001
111011101001100
111110001100001
001110000101001
110000010001101
001111101011010
001010011101110
001000111111001
000000100000111
111011011100000
110101111000000
110110000111100
11010011110011
111001010011011
111000100111000
11100010111000
111110101001101
001001101001011
000111101011010
000110111101011
111111110110111
000111101111110
11110011001110
111100100110000
111110110111111
001100001001110
001100101100101
000100100011111
110011100010001
111100001001001
111101101001110
111111110010100
111010100100011
110000111101001
111001001100010
110000101000101
001000001100101
001010100110000
1101101111100011
110100111001100
1100010001110110
111011101010011
111101111100110
001111001001011
110001110000101
110001001110111
001011100110111
001010000110010
000000111001010
111011110000111
110101010110100
110111101000010
11001100010010
111000100000000
111000101100110
11010010010100
111110011100011
001010000101010
001000001000010
000111101110000
000000000101110
001000001111111
11101010011000
111010010101010
111111000000000
001101000111010
001101110011001
000101010110011
110011001100011
111011101111000
111110000001011
111111101011000
111011010110001
110010010001100
111011110111001
11111111001001
001000110010100
001011011000111
1110010011010111
110011111100110
1100110000111001
111011101001001
111101101101110
110000010000101
110011010000100
110010110010101
001100110000011
001011001110000
000001010001100
111100000110000
110100110101101
111001001001000
11000101001100
110111101100010
111000110001000
11000001111010
111110010000100
001010100001000
001000100110100
001000011111001
000000010011110
001000110000001
11100001011100
111000000100001
111111001000000
001110000100111
001110111001110
000110001001100
110010110110100
111011010101000
111110011001000
111111100100111
111100001000001
110011100101011
111110100001000
11111001010001
001001011001100
001100001100000
1110110111010001
110011000001001
1101001111111110
111011100111100
111101011111010
110001011000101
110100110000100
110100010110111
001101111010101
001100010101110
000001101010001
111100011010101
110100010100101
111010101001001
1111110001010
110110110111111
111000110110010
1110001100110
111110000100100
001010111100101
001001000110000
001001010001011
000000011111100
001001010000011
11011000011001
110101110011101
111111001101010
001111000001111
110000000000110
000110111010001
110010100000101
111010111011011
111110110011001
111111100011101
111100111010110
110100111001111
1100001001001000
11110011011011
001010000010010
001101000000001
1111011011010111
110010000111010
1101101111010111
111011100110000
111101001101110
110010100001001
110110001111010
110101111101011
001111000100010
001101011100111
000010000000001
111100101101010
110011110010110
111100001001010
1110111000001
110110000100101
111000111100100
1100001010111
111101111010011
001011011000111
001001100111000
001010000100111
000011101001011
000001000101000
110111000011101
11000110100111
111100010100100
000110101111010
001011001011100
000011101010101
111110011101111
111101001110111
000011000111011
110111111111011
001100111111010
001001010001000
110110110110001
110110010110110
000000110101000
001000100001000
1101001111001110
110010001010000
111111010001100
111110011010100
111111010101000
000110001010100
001100101111001
001010101101010
000111001101111
000111001111001
000000001001101
000001001010111
111000110011000
001010001110100
110011000101011
111001110001011
000011100100010
11101011010100
000100000100011
000001000101110
000000010001111
000110101111010
111111011101100
111110111111110
000001000110000
111111000101100
000000010110010
111111001010011
000011001011110
000010000101001
000001010101010
000001100110111
000100111010101
000000011001010
000100110110100
111111010100001
000110000010111
000010100001110
111101111101100
111111001001110
000111001000000
111111000100110
000111000101100
000001011111110
111111001011001
000000011000001
000000110111001
000001001010100
000001110110011
000001100000011
111111000100001
000101000101000
000011000110100
000000001101000
000001001100011
000000001010001
000100011001010
111101110111101
111111111100101
111110001010110
111100111100011
000001000100010
000000010001111
111101111101001
000001000011011
111110100000101
000001000010110
111111011010101
000011111010111
000100101110000
000011001000100
000001100101101
000111001111010
000000110101101
001001011100001
111111111001110
001001011011001
000011101011010
111100100000101
111110100101011
001010000000001
111101011000110
001100100110010
000010100111000
111101001011000
000000110101000
000010010001110
000001011101010
000011001110000
000011010000111
111111011001111
000111001110010
000100100101001
000001100101000
000011110010011
111111111000101
000111101001000
111100100101000
000010001010010
111011110110000
111010111100011
000010010110100
111111100111101
111101011111111
000001011110110
111101010011111
000000111110011
111111001101111
000100111101011
000101011011100
000011010111011
000010000001001
001000110000100
000001000100100
001010101111101
000000000000010
001011001000100
000100000101101
111011010111010
111110010111001
001011110011001
111100011101000
001110110111011
000010101110110
111100111000010
000000110110000
000010100101011
000001101101110
000011110011011
000011101010011
111111000100101
000111111000101
000101011010000
000001101110111
000011011001110
111111011010011
001001001101011
111011100111000
000010010100111
111010111111010
111001101101110
000010101001101
111110110001001
111101011100011
000001001100100
111010001111001
000000110100010
111111100100101
000110100111100
000110001101010
000010111010100
000010010001000
001010000110101
000001010010110
001011100111011
000000111001000
001101111001011
000011101011001
111010100010001
111110110000001
001111011011000
111010111110011
110010011001011
000010011101000
111100101101011
000001100000101
000011100110000
000010110000001
000100110010110
000100011001011
111110110011001
001000000100011
000101101010100
000010110100110
000001101000000
111110100000001
001010011010010
111001101010010
000010010100010
111010101100011
111000111100110
000011001101110
111101111010011
111101011000100
000000111001110
110111001011000
000000101010001
111111111011001
001000010010100
000110111111001
000010011101100
000010100001001
001011011100101
000001100000000
001100011110101
000001110001110
110000101011010
000011010001000
111001101101000
111111001000100
110011000010111
111001011111011
110101111011111
000010001010100
111100100010110
000010001011000
000100100111001
000011110010100
000101110010100
000101001000100
111110100010001
001000010001000
000101111011100
000011111011011
111111110101110
111101100101110
001011100110101
110111101101010
000010010010110
111010011001100
111000001011101
000011110010001
111101000011010
111101010100100
000000100110110
110100000111011
000000100000001
000000010001011
001001111101010
000111110000101
000010000000110
000010110001010
001100110010011
000001101101000
001101010101111
000010101010100
110011011101010
000010110111000
111000110111111
111111100001000
110110101010111
111000000000011
111001011110000
000001110111111
111100011000010
000010110101101
000101101000001
000100110101001
000110110010010
000101110111110
111110010000111
001000011101110
000110001100011
000101000010010
111110000011011
111100101011001
001100110011001
110101110000100
000010010001110
111010000110111
110111011010010
000100010110011
111100001100100
111101010000011
000000010011111
110001000011110
000000010110001
000000100111101
001011101000100
001000100001110
000001100100010
000011000001100
001110000111110
000001111001111
001110001101011
000011100011000
110110001110111
000010011101010
111000000010110
111111111001001
111010010010111
110110100001001
111100111111111
000001100101100
111100001101110
000011100000010
000110101000101
000101111000000
000111110010001
000110100110111
111101111111111
001000101010101
000110011101010
000110001001010
111100010000011
111011110000010
001101111111101
110011110011111
000010010000000
111001110100010
110110101001010
000100111011000
000011101110010
111100010101001
000000011111101
111010011101101
111101101100110
000001101011100
001000110000100
000111100011111
000110111110000
000000110111110
001100010010101
111011110010101
110011100101000
111111111100110
110001001000100
000010111111010
111010101011110
000000110111101
111010010011001
110101100001100
111011011001000
000101100010100
111010110111011
000000000111101
000100100010001
000100101011101
000101000110001
000110001010000
111110101100000
001001100011111
000011110110100
000010010000011
000010001110001
111100001110001
001011101111000
110100010011111
000010111000010
111000110000111
110111011011001
000110000010011
