000101100111011
000000000000000
111110110001100
111111111111111
111111101100011
111111111111111
111100101011001
111111111111111
000100000101111
000000000000000
000000010100000
000000000000000
001011100000000
000000000000000
111100010100110
111111111111111
000000110001110
000000000000000
111101110111110
111111111111111
001110001101000
000000000000000
001001000101110
000000000000000
000101101010001
000000000000000
000100111001100
000000000000000
111111101110111
111111111111111
011001001000011
000000000000000
001001101110110
000000000000000
000111111110100
000000000000000
000101010101011
000000000000000
111001011010110
111111111111111
111110101010010
111111111111111
111001011010111
111111111111111
111111000011111
111111111111111
000000110111011
000000000000000
000100000000000
000000000000000
000111111000110
000000000000000
001010111111101
000000000000000
000001010001100
000000000000000
111000010110011
111111111111111
111111000001101
111111111111111
001011111111111
000000000000000
111110100101010
111111111111111
111110010100110
111111111111111
000111010000111
000000000000000
111100101110111
111111111111111
000111101110101
000000000000000
111010100110000
111111111111111
110100010111011
111111111111111
111111010010101
111111111111111
111000100110111
111111111111111
111100011101110
111111111111111
000001001001011
000000000000000
000100100100100
000000000000000
001110110110100
000000000000000
111010000110000
111111111111111
001100001000101
000000000000000
000110011111010
000000000000000
010010000010000
000000000000000
111111000111000
111111111111111
110110101100001
111111111111111
010001010000110
000000000000000
000111010110010
000000000000000
001001001101100
000000000000000
000011001010000
000000000000000
111000010011100
111111111111111
110110001010101
111111111111111
111001111010101
111111111111111
110110100111111
111111111111111
000000101101100
000000000000000
111011111100010
111111111111111
001000101011010
000000000000000
111010010111010
111111111111111
000010001100100
000000000000000
000001111010100
000000000000000
000100010100011
000000000000000
000001011011100
000000000000000
010111011101000
000000000000000
000001001110000
000000000000000
000000100100001
000000000000000
110110111110000
111111111111111
010100111101110
000000000000000
010010001100110
000000000000000
001100111101001
000000000000000
111001011001000
111111111111111
111101000101110
111111111111111
010100011001001
000000000000000
010000101001110
000000000000000
001011101100010
000000000000000
001101100010100
000000000000000
101101111010010
111111111111111
000111111001000
000000000000000
111010110010110
111111111111111
000000101100010
000000000000000
111111110100100
111111111111111
000100111001111
000000000000000
111111101101010
111111111111111
010100001111001
000000000000000
111110100101010
111111111111111
111111101110011
111111111111111
111010110010011
111111111111111
010011001010111
000000000000000
001110010010100
000000000000000
001001001110100
000000000000000
111101110000000
111111111111111
111110011100111
111111111111111
010110000101101
000000000000000
001101101111110
000000000000000
001000111000000
000000000000000
001010111011110
000000000000000
110001001101000
111111111111111
000101100101011
000000000000000
000010000011010
000000000000000
111111001000010
111111111111111
000110001000101
000000000000000
000000010110000
000000000000000
111011010110100
111111111111111
001100001010010
000000000000000
000111001111110
000000000000000
000001111101110
000000000000000
000100110100010
000000000000000
011010110000111
000000000000000
001000100000000
000000000000000
001010011010110
000000000000000
001100111111000
000000000000000
000000100100110
000000000000000
010010101001000
000000000000000
000011010010101
000000000000000
000000001011110
000000000000000
000110001000111
000000000000000
111101000010000
111111111111111
000100011010100
000000000000000
111111101100000
111111111111111
000100001100101
000000000000000
000111010001000
000000000000000
111110001001010
111111111111111
000011110101001
000000000000000
001101001110100
000000000000000
000111101000110
000000000000000
000011001000010
000000000000000
110100110010010
111111111111111
010001011001100
000000000000000
010001111010010
000000000000000
001101000001111
000000000000000
111010100111010
111111111111111
111011110001001
111111111111111
000111101110101
000000000000000
001011101011000
000000000000000
001000011000000
000000000000000
001001001111000
000000000000000
110101001010000
111111111111111
000101111000101
000000000000000
111011011001110
111111111111111
111110011000111
111111111111111
111111011100011
111111111111111
000100110100100
000000000000000
111110011111100
111111111111111
001101010010001
000000000000000
111011100110000
111111111111111
111110101000101
111111111111111
000000010101001
000000000000000
001101010111100
000000000000000
001000100011110
000000000000000
000011001000111
000000000000000
000001100111000
000000000000000
111111110100100
111111111111111
001111011010111
000000000000000
000110101110100
000000000000000
000010000101000
000000000000000
000101000101001
000000000000000
110111001110100
111111111111111
111100011000011
111111111111111
000100000110011
000000000000000
000101011100111
000000000000000
001000000100010
000000000000000
111010100011110
111111111111111
000011000011111
000000000000000
000101001111011
000000000000000
010110101111010
000000000000000
111101000110001
111111111111111
000100111110111
000000000000000
001001101001110
000000000000000
110111100000010
111111111111111
001110101100010
000000000000000
000001100010100
000000000000000
000001011101101
000000000000000
110100100110010
111111111111111
000000000101111
000000000000000
000000011100010
000000000000000
001111010011011
000000000000000
111110001101110
111111111111111
000111100110101
000000000000000
111111100110100
111111111111111
000011011011011
000000000000000
001000100101010
000000000000000
000011001001100
000000000000000
111100101101000
111111111111111
001101001111100
000000000000000
000110000111000
000000000000000
000010010110011
000000000000000
111111111101110
111111111111111
001010100100011
000000000000000
001011110011100
000000000000000
001011011100100
000000000000000
111111100100100
111111111111111
000001000001111
000000000000000
000001011001100
000000000000000
010000010111101
000000000000000
000101110110000
000000000000000
001101001111111
000000000000000
110101000100110
111111111111111
000110010001001
000000000000000
111111110110010
111111111111111
000100100010100
000000000000000
001001110011010
000000000000000
000001000011001
000000000000000
111111001011100
111111111111111
001011110111110
000000000000000
000111110011100
000000000000000
000011001011111
000000000000000
111011110111000
111111111111111
001000011110000
000000000000000
001101110001010
000000000000000
001100000111000
000000000000000
111011100101100
111111111111111
111110110100100
111111111111111
111100000011111
111111111111111
001111110000010
000000000000000
000110110000100
000000000000000
001100100101110
000000000000000
110100101101100
111111111111111
000101011110010
000000000000000
111011000100100
111111111111111
000010101110001
000000000000000
001001110110000
000000000000000
000000100000010
000000000000000
000001111111000
000000000000000
010101011000110
000000000000000
001100110101010
000000000000000
111110011111000
111111111111111
000001001111001
000000000000000
000110001101010
000000000000000
000000011001110
000000000000000
001110111110010
000000000000000
110100100111010
111111111111111
111011100001110
111111111111111
101101111101101
111111111111111
000100010111011
000000000000000
000101011001010
000000000000000
010001001110011
000000000000000
110001110000110
111111111111111
111100011011110
111111111111111
111011001101011
111111111111111
000001010111101
000000000000000
111100000110110
111111111111111
111110110110011
111111111111111
000000001010111
000000000000000
001110100000100
000000000000000
010001000001100
000000000000000
110101111110010
111111111111111
001011010110101
000000000000000
000101011111100
000000000000000
101010001010100
111111111111111
001101110011110
000000000000000
111100100110110
111111111111111
000001010101000
000000000000000
110110101000100
111111111111111
111100010110010
111111111111111
000010011001001
000000000000000
010110001101101
000000000000000
110111010010100
111111111111111
111100001011101
111111111111111
111011011111011
111111111111111
000000111101100
000000000000000
111100100000000
111111111111111
111110100110000
111111111111111
000000010110001
000000000000000
001100011110010
000000000000000
001111000100110
000000000000000
110110110111010
111111111111111
001001101110101
000000000000000
000100000100001
000000000000000
101011010111110
111111111111111
001011100000011
000000000000000
111101010001000
111111111111111
000000100010100
000000000000000
110101101101110
111111111111111
111011011000100
111111111111111
000001001000011
000000000000000
010010110110010
000000000000000
111000001100110
111111111111111
110111000110101
111111111111111
111010100101011
111111111111111
111100010000100
111111111111111
111110101111111
111111111111111
111011010010010
111111111111111
000100111100101
000000000000000
000111010000110
000000000000000
000111101111000
000000000000000
110110000001000
111111111111111
000101110101001
000000000000000
001111111011100
000000000000000
110010101000000
111111111111111
000011100110100
000000000000000
000111001010000
000000000000000
111010001100000
111111111111111
111001100100101
111111111111111
101101010001001
111111111111111
110010000010101
111111111111111
000010111000101
000000000000000
111001101000000
111111111111111
111101111001111
111111111111111
111010010101001
111111111111111
111111111111101
111111111111111
111110100011111
111111111111111
111110010010110
111111111111111
000100011000101
000000000000000
001000110010110
000000000000000
000001111100010
000000000000000
111011101000101
111111111111111
111100000111001
111111111111111
000110011100110
000000000000000
000000110110010
000000000000000
000100111100001
000000000000000
111001101011000
111111111111111
111010000011001
111111111111111
111011010110001
111111111111111
111101111000111
111111111111111
111111100010101
111111111111111
000101111000010
000000000000000
110101011001110
111111111111111
111101000101111
111111111111111
111011110011001
111111111111111
111110010101011
111111111111111
111100111010111
111111111111111
111111100111110
111111111111111
000010000011001
000000000000000
000010110010100
000000000000000
111101010000010
111111111111111
111011110111101
111111111111111
111110001100011
111111111111111
000011010001000
000000000000000
111101010010100
111111111111111
111101011100101
111111111111111
000010010001101
000000000000000
111011110111111
111111111111111
111110100101001
111111111111111
111010011011001
111111111111111
111010000000011
111111111111111
111111001111001
111111111111111
111010000010011
111111111111111
111010100100001
111111111111111
111001111000001
111111111111111
111111110110100
111111111111111
111100111011111
111111111111111
111100111101101
111111111111111
000101100011101
000000000000000
000110011011101
000000000000000
000001010011110
000000000000000
111010001010000
111111111111111
111001110101001
111111111111111
000100000100100
000000000000000
111100000111000
111111111111111
000001111110101
000000000000000
111100000100110
111111111111111
111000100111111
111111111111111
111000000110001
111111111111111
111000101011010
111111111111111
111011111010011
111111111111111
000011001010101
000000000000000
110101001101010
111111111111111
111010011010001
111111111111111
000001111000101
000000000000000
111110000100010
111111111111111
000100000010011
000000000000000
111001010010001
111111111111111
111110011011111
111111111111111
111111011011011
111111111111111
001001001101001
000000000000000
111110000110101
111111111111111
000100100111011
000000000000000
001101111000110
000000000000000
110111101110010
111111111111111
000011100001011
000000000000000
001110011011110
000000000000000
111010111001000
111111111111111
110111110001111
111111111111111
101111001100001
111111111111111
110011111111111
111111111111111
111110001000011
111111111111111
000001010111001
000000000000000
111011111000010
111111111111111
111100101110101
111111111111111
000100100100110
000000000000000
000010101100000
000000000000000
111001011100010
111111111111111
001000000011111
000000000000000
000100110001011
000000000000000
000101000100000
000000000000000
111111111001101
111111111111111
101101001100011
111111111111111
000000011101100
000000000000000
000110101000110
000000000000000
000110001100010
000000000000000
110100010111000
111111111111111
110100011000011
111111111111111
101110101010001
111111111111111
111111001000000
111111111111111
000010100100111
000000000000000
000011111010110
000000000000000
110010110101000
111111111111111
111101010100101
111111111111111
111101010001001
111111111111111
000011000111101
000000000000000
000000101101010
000000000000000
111011010100110
111111111111111
000100000011011
000000000000000
000011001011011
000000000000000
000001001101100
000000000000000
000000011010000
000000000000000
110000011110010
111111111111111
111111100101101
111111111111111
000100111110001
000000000000000
000010111100001
000000000000000
111001110111000
111111111111111
110110000001011
111111111111111
110010101100011
111111111111111
111110011011100
111111111111111
000001001110101
000000000000000
000001110111001
000000000000000
110100111000000
111111111111111
111110100110000
111111111111111
111101111011101
111111111111111
000001110000011
000000000000000
111110110101110
111111111111111
111101000101010
111111111111111
000000000010001
000000000000000
000001100110100
000000000000000
111101101001000
111111111111111
000000110011100
000000000000000
110011010001110
111111111111111
111110110100110
111111111111111
000011010111111
000000000000000
111111101110000
111111111111111
111111011010111
111111111111111
110111100011111
111111111111111
110110111001001
111111111111111
111101110111000
111111111111111
111111110110011
111111111111111
111111110110101
111111111111111
110110110010011
111111111111111
111111110010010
111111111111111
111110010001001
111111111111111
000000011100111
000000000000000
111100110110100
111111111111111
111111000011010
111111111111111
111100000011111
111111111111111
111111110000100
111111111111111
111001110011001
111111111111111
000001001000100
000000000000000
110110111111110
111111111111111
111101110011101
111111111111111
000001000111111
000000000000000
111100101000011
111111111111111
000101000010011
000000000000000
111001000110101
111111111111111
111010011100011
111111111111111
111100100111010
111111111111111
111110001101001
111111111111111
111101101011000
111111111111111
111000111001101
111111111111111
111110111111011
111111111111111
111111110011001
111111111111111
000101000101011
000000000000000
000011110100000
000000000000000
111010010101100
111111111111111
000011001011101
000000000000000
000000001010000
000000000000000
000001100100010
000000000000000
000011011100011
000000000000000
101101101100010
111111111111111
111011110110101
111111111111111
001000110000001
000000000000000
000011001100111
000000000000000
110111010000110
111111111111111
110110101111101
111111111111111
110000100001111
111111111111111
000010000101011
000000000000000
000011100101110
000000000000000
000001000101011
000000000000000
110110110000110
111111111111111
000000101101011
000000000000000
111110101111000
111111111111111
000000101101001
000000000000000
111011010001100
111111111111111
000000000011111
000000000000000
111010010110110
111111111111111
111110001101011
111111111111111
111000100010111
111111111111111
000001110010001
000000000000000
111011011010100
111111111111111
111100101100010
111111111111111
000000001010111
000000000000000
111100000000010
111111111111111
000110100110101
000000000000000
111010111110001
111111111111111
111100100010101
111111111111111
111101000000001
111111111111111
111110101101101
111111111111111
111100110111101
111111111111111
111011100101101
111111111111111
000001001100000
000000000000000
111110111011010
111111111111111
000000110000100
000000000000000
111011011001000
111111111111111
000000000000011
000000000000000
111000010011100
111111111111111
111110011100011
111111111111111
110110010010001
111111111111111
000001111010010
000000000000000
111000001011000
111111111111111
111011100010011
111111111111111
000000110010111
000000000000000
111010001010100
111111111111111
001000111101111
000000000000000
111001011010010
111111111111111
111011000100111
111111111111111
111100010010000
111111111111111
111101110111011
111111111111111
111100110111111
111111111111111
111001101111001
111111111111111
000001010011111
000000000000000
111110111010110
111111111111111
000001010101011
000000000000000
111100000111000
111111111111111
111111011000111
111111111111111
111000100011111
111111111111111
111110100100010
111111111111111
110110011110001
111111111111111
000010001011010
000000000000000
110110001110010
111111111111111
111011000010100
111111111111111
000001101100011
000000000000000
111010101110101
111111111111111
000111110011101
000000000000000
111000110010011
111111111111111
111001011100011
111111111111111
111100111101000
111111111111111
111110010001101
111111111111111
111101011000101
111111111111111
111000111001111
111111111111111
000001001001010
000000000000000
111111000011100
111111111111111
000001001011100
000000000000000
111100001110000
111111111111111
111111001000000
111111111111111
110111110101001
111111111111111
111110000101110
111111111111111
110110001111001
111111111111111
000010001111000
000000000000000
110101110100000
111111111111111
111011000000111
111111111111111
000001011001001
000000000000000
111010100011101
111111111111111
001000110110011
000000000000000
111000101001110
111111111111111
111000011101001
111111111111111
111100100110111
111111111111111
111101110100001
111111111111111
111101011001101
111111111111111
111000111001001
111111111111111
000000110110001
000000000000000
000000100111000
000000000000000
000001001101001
000000000000000
111110010000110
111111111111111
111101110000100
111111111111111
110110111010101
111111111111111
111100110110111
111111111111111
111000010110001
111111111111111
000010111010110
000000000000000
110110100100100
111111111111111
111100111000111
111111111111111
000000100110111
000000000000000
111011011010000
111111111111111
001011100001011
000000000000000
111000101001011
111111111111111
110111000110011
111111111111111
111010110101110
111111111111111
111100001011001
111111111111111
111101000100101
111111111111111
111010101010101
111111111111111
000001010101111
000000000000000
111110011100100
111111111111111
000001001010000
000000000000000
111011100010110
111111111111111
111111010011010
111111111111111
110111000100111
111111111111111
111110000101111
111111111111111
110100000100111
111111111111111
000001111101100
000000000000000
110100011100000
111111111111111
111001101111011
111111111111111
000001000111101
000000000000000
111001100111101
111111111111111
001000110100101
000000000000000
111000010011101
111111111111111
111000000011001
111111111111111
111101001010000
111111111111111
111101101101101
111111111111111
111101111111110
111111111111111
110111101100101
111111111111111
000001011110000
000000000000000
111111011000110
111111111111111
000000101010100
000000000000000
111011111101010
111111111111111
111110111000011
111111111111111
110101011000001
111111111111111
111101000010110
111111111111111
110100010101001
111111111111111
000010000010001
000000000000000
110110101100100
111111111111111
111011010000001
111111111111111
111111101001001
111111111111111
111001001111010
111111111111111
001100110101101
000000000000000
111000100100011
111111111111111
111000000111101
111111111111111
111011001010000
111111111111111
111011110111101
111111111111111
111101010101000
111111111111111
111001010110001
111111111111111
111111001111011
111111111111111
000001010001101
000000000000000
111110010101000
111111111111111
000010001111101
000000000000000
111011011100111
111111111111111
111000101100001
111111111111111
111100010111101
111111111111111
111011010010001
111111111111111
000000100001110
000000000000000
110111110000010
111111111111111
111111000101001
111111111111111
111011011110011
111111111111111
111100011110000
111111111111111
001000001000101
000000000000000
111011100011110
111111111111111
111001101110011
111111111111111
111010111111101
111111111111111
111001000011011
111111111111111
111110011001001
111111111111111
111100010111001
111111111111111
111111110101011
111111111111111
111110111011001
111111111111111
000110010111001
000000000000000
000001101011110
000000000000000
111010001110110
111111111111111
111111011100101
111111111111111
111110010111110
111111111111111
111100110100001
111111111111111
000100101000001
000000000000000
101001111111000
111111111111111
111000111101100
111111111111111
001001101100011
000000000000000
000010010100100
000000000000000
111000111100010
111111111111111
110100111001011
111111111111111
101011110000011
111111111111111
000010101111100
000000000000000
000011100011000
000000000000000
000001011100100
000000000000000
110100111110010
111111111111111
000001000111001
000000000000000
000000110000000
000000000000000
000000000101101
000000000000000
111111000011100
111111111111111
111101010011111
111111111111111
110101111011001
111111111111111
111100010111010
111111111111111
110101110011111
111111111111111
000001110110011
000000000000000
110110010111100
111111111111111
111100111101110
111111111111111
111101011101101
111111111111111
111010010100100
111111111111111
001101100010101
000000000000000
111001011010100
111111111111111
111000001111011
111111111111111
111011010000011
111111111111111
111010110001011
111111111111111
111110011011001
111111111111111
111010100101001
111111111111111
000001000100011
000000000000000
000000100110000
000000000000000
111111111011010
111111111111111
111111010000001
111111111111111
111101010111010
111111111111111
110110110111111
111111111111111
111100101011101
111111111111111
110110000111111
111111111111111
000001100001000
000000000000000
110110001010010
111111111111111
111100111110001
111111111111111
111101010111101
111111111111111
111010011010001
111111111111111
001100010011101
000000000000000
111001110110100
111111111111111
111000111010101
111111111111111
111100000010111
111111111111111
111011001000111
111111111111111
111111000100101
111111111111111
111010100100001
111111111111111
000000001011110
000000000000000
000001111000010
000000000000000
000110000111101
000000000000000
000111010101110
000000000000000
110111110100101
111111111111111
000000001001001
000000000000000
111110011100111
111111111111111
111110111000011
111111111111111
000100111101100
000000000000000
100110010001010
111111111111111
111010110111101
111111111111111
001000101001011
000000000000000
000010101111000
000000000000000
111100000001000
111111111111111
110100011110001
111111111111111
101010111111111
111111111111111
000011001100110
000000000000000
000010110100110
000000000000000
000011100011110
000000000000000
110100111001010
111111111111111
000000110001010
000000000000000
000000000111000
000000000000000
000100011000101
000000000000000
000100001000000
000000000000000
111010001110010
111111111111111
111111011011011
111111111111111
111111001011011
111111111111111
111010111010111
111111111111111
000011010000010
000000000000000
101000110000010
111111111111111
111001100111110
111111111111111
000110000100101
000000000000000
000000000010100
000000000000000
111100011101100
111111111111111
110110001110110
111111111111111
110000010000101
111111111111111
000011110000101
000000000000000
000010100000010
000000000000000
000011100110100
000000000000000
110100100111110
111111111111111
000001001111011
000000000000000
111111110000110
111111111111111
000010100111000
000000000000000
000011000101000
000000000000000
111011010110011
111111111111111
111110100100001
111111111111111
111111000110101
111111111111111
111001010110011
111111111111111
000001111110101
000000000000000
101100101000010
111111111111111
111010001101110
111111111111111
000011100101001
000000000000000
111110100111001
111111111111111
111110110001001
111111111111111
110111100110101
111111111111111
110100100000101
111111111111111
000010011100111
000000000000000
000001011101100
000000000000000
000011011001110
000000000000000
110110011011010
111111111111111
000010000111010
000000000000000
111110111001010
111111111111111
111110111010001
111111111111111
111111101011011
111111111111111
111110001010010
111111111111111
111011001111001
111111111111111
111110110000100
111111111111111
110100111101101
111111111111111
111111100101001
111111111111111
110100101110111
111111111111111
111011001110000
111111111111111
111101101000101
111111111111111
111010101101000
111111111111111
000101010100001
000000000000000
111010110011000
111111111111111
111101011000101
111111111111111
111111011000010
111111111111111
111110010011111
111111111111111
000001111011111
000000000000000
111001101000010
111111111111111
000001101000000
000000000000000
111110010110000
111111111111111
111110000001111
111111111111111
000000011010011
000000000000000
111101101011101
111111111111111
111101110111101
111111111111111
111111010000010
111111111111111
111000011000001
111111111111111
111110000110110
111111111111111
111000100011011
111111111111111
111100000101111
111111111111111
111110010001001
111111111111111
111100011110010
111111111111111
000000110100101
000000000000000
111011111110001
111111111111111
111111010111001
111111111111111
111110110100001
111111111111111
111111100011001
111111111111111
000010000000100
000000000000000
111011011111010
111111111111111
000000101101111
000000000000000
111111001000110
111111111111111
000010000000100
000000000000000
000010000100010
000000000000000
111100101000010
111111111111111
111111001100101
111111111111111
111110111011001
111111111111111
111100010000011
111111111111111
000001100111100
000000000000000
110001010010000
111111111111111
111011110010000
111111111111111
000011001111111
000000000000000
000000000111011
000000000000000
111100100110110
111111111111111
111010000110101
111111111111111
110110010010011
111111111111111
000001010110100
000000000000000
000000111011110
000000000000000
000010000111100
000000000000000
111001011010010
111111111111111
000001011100100
000000000000000
000010001110000
000000000000000
000000001011101
000000000000000
000111100111010
000000000000000
111001110011011
111111111111111
111111100101101
111111111111111
111101010110010
111111111111111
111111000100001
111111111111111
000001100010010
000000000000000
110100010001110
111111111111111
111111110001111
111111111111111
000000000010001
000000000000000
000000011101100
000000000000000
000011001110100
000000000000000
111010001110001
111111111111111
111000110111101
111111111111111
111110001011011
111111111111111
111111001010011
111111111111111
000010110100000
000000000000000
111101000011110
111111111111111
000001110100011
000000000000000
111111010001010
111111111111111
000001111101100
000000000000000
000110001111000
000000000000000
111010110010010
111111111111111
000011100101111
000000000000000
000000101100001
000000000000000
111110001100000
111111111111111
000000111001000
000000000000000
101110111010100
111111111111111
111011110000100
111111111111111
000011101100001
000000000000000
000001101011111
000000000000000
111001001111000
111111111111111
111000101011100
111111111111111
110110100110011
111111111111111
000010110000010
000000000000000
000011110110110
000000000000000
000101010101111
000000000000000
111000010000110
111111111111111
000001100110100
000000000000000
111111111110010
111111111111111
000011111010000
000000000000000
001001100000010
000000000000000
111001000011000
111111111111111
000110001101101
000000000000000
000010000011101
000000000000000
000011000100110
000000000000000
000001110111001
000000000000000
101100110010110
111111111111111
111100101001101
111111111111111
000110011101001
000000000000000
000101010101010
000000000000000
110101000001010
111111111111111
110111100011000
111111111111111
110010011100111
111111111111111
000011001111001
000000000000000
000101101100000
000000000000000
000110111001110
000000000000000
110111101001100
111111111111111
000001111101010
000000000000000
000010110000010
000000000000000
111110011011110
111111111111111
000111111010001
000000000000000
111011001000111
111111111111111
111101011111001
111111111111111
111111011000011
111111111111111
000011110111011
000000000000000
000000010111101
000000000000000
000000000100010
000000000000000
000101011011101
000000000000000
111011001001010
111111111111111
000010011011000
000000000000000
001000010001110
000000000000000
111101010101001
111111111111111
111100101101101
111111111111111
111000100100111
111111111111111
111100001011001
111111111111111
000010111000000
000000000000000
000010010001000
000000000000000
000011100101000
000000000000000
111100111101010
111111111111111
111110010000100
111111111111111
000001001100001
000000000000000
111111101011101
111111111111111
111111101011101
111111111111111
000100100110001
000000000000000
111100010111110
111111111111111
111101100101001
111111111111111
111101000011001
111111111111111
111111001010010
111111111111111
111100100101011
111111111111111
000000000110010
000000000000000
111111000000100
111111111111111
111101001011011
111111111111111
000000110101001
000000000000000
111110001110010
111111111111111
000001001010001
000000000000000
000101010100101
000000000000000
111011101011110
111111111111111
000011001001011
000000000000000
111110111100000
111111111111111
111110110011111
111111111111111
000100011111111
000000000000000
111101110110110
111111111111111
111111110111011
111111111111111
000100011101000
000000000000000
000001101100010
000000000000000
111110110010010
111111111111111
111111010011001
111111111111111
000010111011000
000000000000000
111100101010110
111111111111111
000011010100010
000000000000000
000000100110100
000000000000000
111101001011001
111111111111111
111110001101111
111111111111111
111011111100100
111111111111111
000000011000011
000000000000000
000101011100101
000000000000000
111110000110010
111111111111111
000001110011110
000000000000000
000001100111100
000000000000000
111101100001101
111111111111111
000110111001111
000000000000000
111100100111001
111111111111111
111101000011111
111111111111111
000100100110000
000000000000000
000111010011010
000000000000000
111111001001110
111111111111111
001000000010001
000000000000000
001001100010001
000000000000000
111010011100000
111111111111111
000101100110110
000000000000000
000110101011000
000000000000000
111110010001111
111111111111111
111101101011111
111111111111111
110110010000011
111111111111111
111100011010101
111111111111111
000100110001001
000000000000000
000010101100100
000000000000000
000000010110111
000000000000000
000011111010110
000000000000000
111111100000001
111111111111111
000111001111001
000000000000000
111100000000111
111111111111111
111110100101001
111111111111111
111101110010111
111111111111111
000111001010011
000000000000000
000001000101010
000000000000000
000011010011010
000000000000000
000110100010101
000000000000000
111100110001000
111111111111111
000011010111111
000000000000000
000111110110000
000000000000000
111110110010000
111111111111111
111100011000011
111111111111111
111001010101100
111111111111111
111011111110011
111111111111111
000000010100101
000000000000000
000100110011000
000000000000000
000011010110100
000000000000000
111101001101110
111111111111111
000100000010101
000000000000000
000111100011110
000000000000000
111100100000100
111111111111111
000111001001001
000000000000000
001010110111011
000000000000000
000111111000000
000000000000000
000000011110111
000000000000000
110100110000110
111111111111111
000000111100001
000000000000000
000101011001000
000000000000000
001010110111010
000000000000000
101111101100000
111111111111111
111001011101001
111111111111111
110101101001111
111111111111111
000011110110001
000000000000000
001001000110000
000000000000000
001011000010111
000000000000000
110110011101000
111111111111111
000011011110100
000000000000000
000001011000010
000000000000000
111110010101011
111111111111111
000111100001001
000000000000000
111101110101100
111111111111111
111101011001011
111111111111111
000111010110100
000000000000000
001001010100110
000000000000000
111111100101111
111111111111111
001000010110101
000000000000000
001100010101101
000000000000000
111001110111010
111111111111111
000111111100100
000000000000000
000110011110010
000000000000000
111111001101001
111111111111111
000000100011011
000000000000000
111000000110100
111111111111111
111101110010111
111111111111111
000101101100101
000000000000000
000001111100100
000000000000000
000101010101011
000000000000000
111010111001010
111111111111111
111110100001010
111111111111111
111111011111101
111111111111111
000011011001000
000000000000000
111111000011110
111111111111111
001101111110110
000000000000000
111111100000100
111111111111111
111100110111101
111111111111111
000011101010101
000000000000000
000110100011001
000000000000000
111101010001100
111111111111111
000100111111001
000000000000000
111100011001010
111111111111111
111111000110110
111111111111111
000111111111101
000000000000000
000000000001011
000000000000000
000011100000010
000000000000000
001000101001111
000000000000000
111001000001100
111111111111111
000101010101000
000000000000000
111011111010010
111111111111111
000100100000011
000000000000000
000111011010000
000000000000000
111110011011111
111111111111111
000110101101101
000000000000000
010001110001101
000000000000000
001000111011100
000000000000000
000000110010111
000000000000000
110101001001000
111111111111111
000111110010001
000000000000000
001001001011100
000000000000000
001110101001000
000000000000000
101101110100110
111111111111111
111001101010001
111111111111111
111011110111111
111111111111111
000111001100010
000000000000000
001011010110010
000000000000000
001101011101001
000000000000000
110010100111000
111111111111111
000101110100111
000000000000000
111110010100100
111111111111111
000010111100011
000000000000000
001001001110010
000000000000000
111110000011000
111111111111111
000010111010011
000000000000000
010001110011100
000000000000000
001100011001000
000000000000000
000001010101010
000000000000000
111100101011000
111111111111111
001111100000101
000000000000000
000110000000100
000000000000000
001111111000000
000000000000000
110111001100100
111111111111111
111011010111011
111111111111111
111111100010111
111111111111111
000010110110101
000000000000000
000111010011100
000000000000000
001100011011110
000000000000000
110110111001010
111111111111111
000111101101001
000000000000000
111001100011010
111111111111111
000001001010101
000000000000000
000010001001110
000000000000000
000011011010100
000000000000000
000001101111110
000000000000000
010110110110101
000000000000000
000100011010010
000000000000000
111110100011000
111111111111111
111101100011011
111111111111111
001101010010110
000000000000000
000101010010010
000000000000000
001100011110110
000000000000000
110100100111110
111111111111111
111100111010010
111111111111111
001000110000111
000000000000000
000110110111101
000000000000000
001001011110000
000000000000000
001101101101010
000000000000000
110001110111010
111111111111111
000110010101111
000000000000000
000010111111010
000000000000000
000000000101101
000000000000000
001010010100000
000000000000000
111111011110111
111111111111111
111010111100011
111111111111111
001011001001101
000000000000000
001000000010100
000000000000000
000101000000000
000000000000000
000001000011100
000000000000000
011100101111110
000000000000000
010001010100000
000000000000000
001100011011111
000000000000000
001001101001000
000000000000000
111111101101000
111111111111111
010001111100011
000000000000000
000110100011110
000000000000000
000000010001100
000000000000000
000101101010111
000000000000000
111011101111100
111111111111111
000000100001111
000000000000000
111111000111110
111111111111111
111111011111100
111111111111111
111101010001011
111111111111111
000000011000011
000000000000000
000001000001000
000000000000000
000100101100111
000000000000000
111110010001100
111111111111111
111111001100101
111111111111111
111110101001011
111111111111111
001000100100001
000000000000000
000100001111100
000000000000000
000010101010111
000000000000000
000010011000000
000000000000000
111111000110100
111111111111111
001100101010111
000000000000000
000010010101011
000000000000000
000010110001110
000000000000000
000010010101001
000000000000000
111101000101000
111111111111111
000001011100100
000000000000000
111111011011110
111111111111111
000001111000111
000000000000000
000001110111010
000000000000000
111111010000100
111111111111111
000010001101111
000000000000000
001001001000010
000000000000000
000011100100010
000000000000000
000000010010000
000000000000000
111010011011110
111111111111111
010000010001000
000000000000000
001010101111110
000000000000000
001000001101010
000000000000000
000000010110010
000000000000000
111101111100100
111111111111111
001101100000111
000000000000000
000110010000110
000000000000000
000100110000100
000000000000000
000110000010010
000000000000000
111000101100010
111111111111111
000000001100101
000000000000000
000001010000110
000000000000000
000001001111010
000000000000000
000100000001000
000000000000000
111101110111110
111111111111111
000001000110111
000000000000000
001000001100011
000000000000000
000111000111010
000000000000000
111111111001100
111111111111111
111110011100101
111111111111111
010110011011110
000000000000000
001000110011000
000000000000000
001001011010110
000000000000000
000110110010000
000000000000000
111110110000011
111111111111111
001111010110011
000000000000000
000010010111101
000000000000000
000000110101100
000000000000000
000101001000011
000000000000000
111011000011110
111111111111111
000000010110010
000000000000000
111011010010010
111111111111111
000011000000010
000000000000000
111111001101110
111111111111111
000000100011100
000000000000000
000110001011110
000000000000000
001110011010010
000000000000000
000001011101010
000000000000000
111101001110100
111111111111111
110101011101001
111111111111111
010001100001101
000000000000000
001101100111100
000000000000000
001001001011110
000000000000000
111001111011110
111111111111111
111100100011111
111111111111111
010000110100001
000000000000000
001001111111100
000000000000000
000111000110000
000000000000000
001001011010000
000000000000000
110000101001110
111111111111111
000100001110011
000000000000000
000001000001110
000000000000000
001001001000110
000000000000000
000100110000000
000000000000000
111110110010000
111111111111111
000010000111011
000000000000000
010000101010111
000000000000000
010010001000000
000000000000000
000001100001010
000000000000000
111000000110010
111111111111111
001100011000001
000000000000000
001001001110000
000000000000000
010110010011111
000000000000000
110100001111000
111111111111111
000000110101101
000000000000000
000111010011010
000000000000000
010100011011000
000000000000000
010011110101000
000000000000000
011000001110100
000000000000000
110010110100010
111111111111111
000101010000011
000000000000000
111111100100100
111111111111111
000100110110110
000000000000000
111110001010000
111111111111111
000011011001101
000000000000000
111011100010010
111111111111111
010010000010010
000000000000000
001101010101010
000000000000000
111101110110100
111111111111111
000100101011101
000000000000000
001111010011100
000000000000000
111111011110010
111111111111111
010010100010100
000000000000000
111111011010110
111111111111111
000101110000100
000000000000000
010011010001000
000000000000000
010000111100000
000000000000000
001111101111100
000000000000000
011000011001100
000000000000000
110101011101000
111111111111111
000011111000001
000000000000000
000101100011010
000000000000000
000101010100001
000000000000000
000101101110000
000000000000000
111110111000000
111111111111111
111001001101011
111111111111111
001111110010001
000000000000000
011001110101000
000000000000000
111111111001001
111111111111111
001011011100101
000000000000000
011001010010101
000000000000000
111011100000100
111111111111111
011000111001011
000000000000000
001000111110110
000000000000000
000110111011011
000000000000000
001111010011010
000000000000000
001010100100111
000000000000000
001011100010100
000000000000000
011001010101010
000000000000000
111100000101000
111111111111111
000000101100101
000000000000000
111110001111110
111111111111111
000001101101011
000000000000000
000100010100100
000000000000000
000011011100100
000000000000000
000001010111000
000000000000000
001010010111110
000000000000000
001101001100110
000000000000000
111010100010001
111111111111111
001000000101001
000000000000000
000110111101001
000000000000000
111000111111110
111111111111111
000111110110011
000000000000000
000101010010000
000000000000000
000010001100111
000000000000000
111101011101000
111111111111111
000000110000111
000000000000000
111011100000000
111111111111111
001011110111111
000000000000000
111100010110110
111111111111111
