000000010001010
000000000011001
000000000100001
000000001000000
000000000010001
000000000000101
000000000001010
000000011111001
000000010101011
000000000000111
000000000001110
000000010000001
000000000001100
000000010111101
000000000110001
000000011000101
000000000101110
000000000100010
000000000010010
000000000001100
000000000001100
000000000010100
000000000010100
000000001010001
000000000011110
000000001001101
000000000010010
000000000001011
000000000011110
000000000010000
000000000001110
000000000001110
000000000001100
000000000100010
000000000101110
000000000001100
000000001000001
000000000010011
000000000001101
000000000000110
000000000001110
000000000011011
000000000101110
000000000001010
000000000001100
000110001100110
000000000011101
000000011111001
000000001001100
000000000001010
000000000011000
000000000001011
000000000011111
000000000001001
000000000010110
000000000001010
001000010111000
000000000001110
000000000001100
000000000111111
000000000100110
000000000100000
000000000010001
000001001000110
000000001001001
000000000100000
000000000101010
000000000100011
000000000111001
000000000001010
000000000000111
000000001010011
000000000011001
000000000010010
000000000010001
000000000101101
000000000000111
000000000111000
000000000011010
000000001010000
000000000011110
000000000010111
000000110000100
000000000010000
000000000100100
000000000101100
000000000010010
000000000010110
000000000100111
000000010010101
000000000010001
000001000101111
000000000010110
000000000001001
000000000100110
000000001000010
000000000011000
000000000000101
000000001010101
000000000000111
000000000001100
000000000010011
000000001011011
000000000100100
000000000011010
000000000010001
000000000010011
000000000001011
000000010011001
000000000010111
000000000000100
000000001000000
000000000001011
000000000010000
000000000001000
000000000000101
000000000010010
000000000010010
000000000011110
000000000010110
000000000010111
000000000001110
000000010000101
000000000010100
000000000010000
000000001000101
000000000000110
000000000011010
000000000001001
000000000000110
000000000010100
000000000000101
000000000100001
000000000110110
000000000011010
000000000110000
000000000001001
000000000000110
000000000010101
000000000001001
000000000100100
000000000010001
000000000001111
000000000001001
000000001011011
000000000000110
000000000111011
000000000000110
000000000001100
000000000111110
000000000011010
000000000001111
000011001010100
000000000100111
000000000001110
000000000001100
000000000100000
000000000001100
000001000101101
000000000111101
000000000101101
000000000100001
000000000001000
000000000001001
000000000110110
000000000010011
000000000000111
000000000010101
000000011001000
000000000101010
000000010000010
000000000001101
000000001000000
000000000000111
000000000001000
000000000011110
000000000011010
000000000010001
000000000101111
000000000010001
000000000001100
000000000010000
000000000001000
000000000011001
000000000110110
000000001000010
000000000001001
000000000010110
000000000001010
000000000001011
000000000011101
000000000010011
000000010010001
000000101010101
000000000001011
000000000010101
000000111101010
000000001101000
000000100100001
000000000001000
000000100001101
000000000101010
000000000000110
000000001000101
000000000001000
000000000011000
000000000010110
000000000111100
000000001100011
000000000001011
000000000010101
000000011001111
000000000101000
000000000000110
000000000001110
000000000111000
000000000111010
000000000001010
000000001101110
000000000001110
000000000100100
000000001100010
000000000001100
000000000000111
000000000100011
000000001001011
000000000101101
000000011000101
000000000000111
000000000001010
000000000001001
000000000010100
000000001000110
000000000110000
000000000010000
000000000011100
000000001101010
000000001100110
000000000010100
000000000001111
000000000010100
000000000010000
000000101011001
000000000011010
000000001000101
000000000001001
000000000011010
000000000001011
000000000101101
000000000011110
000000000010001
000000000010011
000000111010111
000001000100010
000000000100100
000000000000101
000000000011110
000000000101110
000000000000111
000000000111110
000000000101111
000000001010110
000000000001000
000000000100010
000000000100010
000000010001111
000000000100101
000000000101011
000000000101011
000000011011110
000000000001111
000000000010001
000000000001110
000000000000101
000000000011101
000000000110000
000000000001110
000000001000110
000000000001111
000000000010111
000000000010100
000000000100000
000000000101010
000000000101000
000000000100100
000000000101110
000000000100000
000000000011100
000000001000001
000000111010001
000000010010110
000100000101000
000000000101111
000000000001011
000000000001011
000000000001101
000000000111001
000000000010111
000000000000110
000000000101001
000000000001101
000000000000111
000000000001010
000000001011110
000000000010011
000000000000101
000000000010100
000000000001010
000000000000101
000000000011011
000000101100010
000000000001111
000000000100011
000000001100010
000000000010101
000000000011111
000000000001010
000000000001000
000000000001000
000000000010001
000000000000111
000000000101110
000000001000111
000000000010010
000000000001010
000000010101100
000000000010000
000000000001100
000000000001011
000000000010001
000000000001010
000000000101000
000000000010000
000000000001001
000000000100000
000000000010110
