000000000000000
000000000000000
000000000000000
000000000000000
000000000000000
000000000000000
000000000000000
000000000000010
000000000000000
000000000000000
000000000000001
000000000000000
000000000000000
000000000000000
000000000000000
000000000000000
000000000000000
000000000000000
000000000000000
000000000000000
000000000000000
000000000000000
000000000000000
000000000000000
000000000000000
000000000000000
000000000000000
000000000000001
000000000000000
000000000000000
000000000000000
000000000000000
000000000000000
000000000000000
000000000000010
000000000000000
000000000000000
000000000000000
000000000000000
000000000000000
000000000000000
000000000000000
000000000000000
000000000000000
000000000000000
000000000000000
000000000000000
000000000000000
000000000000000
000000000000000
000000000000000
000000000000000
000000000000000
000000000000000
000000000000000
000000000000000
000000000000000
000000000000000
000000000000000
000000000000000
000000000000000
000000000000000
000000000000000
000000000000000
000000000000000
000000000000000
000000000000000
000000000000000
000000000000101
000000000000000
000000000000000
000000000000000
000000000000000
000000000000000
000000000000000
000000000000000
000000000000000
000000000000000
000000000000000
000000000000000
000000000000001
000000000000000
000000000000000
000000000000000
000000000000011
000000000000000
000000000000000
000000000000000
000000000000000
000000000000000
000000000000000
000000000000000
000000000000000
000000000000000
000000000000000
000000000000000
000000000000001
000000000000000
000000000000011
000000000000000
000000000000000
000000000000000
000000000000001
000000000000010
000000000000000
000000000000010
000000000000000
000000000000000
000000000000000
000000000000000
000000000000000
000000000000000
000000000000000
000000000000000
000000000000000
000000000000000
000000000000000
000000000000000
000000000000000
000000000000000
000000000000000
000000000000000
000000000000000
000000000000000
000000000000000
000000000000000
000000000000000
000000000000000
000000000000000
000000000000000
000000000000000
000000000000000
000000000000000
000000000000000
000000000000000
000000000000000
000000000000000
000000000000000
000000000000000
000000000000000
000000000000000
000000000000000
000000000000000
000000000000000
000000000000000
000000000000001
000000000000000
000000000000000
000000000000000
000000000000000
000000000000001
000000000000000
000000000000000
000000000000000
000000000010010
000000000000001
000000000000100
000000000000000
000000000000000
000000000000000
000000000000000
000000000000000
000000000000000
000000000000000
000000000000000
000000000000000
000000000000000
000000000000000
000000000000000
000000000000010
000000000000001
000000000000000
000000000000000
000000000000000
000000000000000
000000000000000
000000000000000
000000000000000
000000000000001
000000000010011
000000000000000
000000000000000
000000000000000
000000000000000
000000000000000
000000000000000
000000000000000
000000000001100
000000000000000
000000000000000
000000000000010
000000000000000
000000000000000
000000000000010
000000000000000
000000000000011
000000000000000
000000000000000
000000000000000
000000000000000
000000000000000
000000000000001
000000000000000
000000000000000
000000000000000
000000000000000
000000000000000
000000000000010
000000000000001
000000000000000
000000000000000
000000000000000
000000000000000
000000000000001
000000000000001
000000000000000
000000000000000
000000000000000
000000000000000
000000000000000
000000000000000
000000000000001
000000000000000
000000000000000
000000000000000
000000000000000
000000000000001
000000000000000
000000000000000
000000000000000
000000000000000
000000000000000
000000000000001
000000000000001
000000000000111
000000000000000
000000000000000
000000000000000
000000000000000
000000000000110
000000000000000
000000000000000
000000000000000
000000000000000
000000000000000
000000000000010
000000000000000
000000000000000
000000000000000
000000000000000
000000000000000
000000000000100
000000000000001
000000000000000
000000000000000
000000000000000
000000000000001
000000000000000
000000000000001
000000000000000
000000000000000
000000000000000
000000000000000
000000000000000
000000000000000
000000000000000
000000000000000
000000000000000
000000000000000
000000000000000
000000000000001
000000000000000
000000000000000
000000000000000
000000000000000
000000000000000
000000000000010
000000000000000
000000000000000
000000000000000
000000000000000
000000000000111
000000000000000
000000000000000
000000000000000
000000000000000
000000000000000
000000000000000
000000000000000
000000000000001
000000000000001
000000000000000
000000000000000
000000000000101
000000000000000
000000000000000
000000000000000
000000000000000
000000000000000
000000000000000
000000000000011
000000000000000
000000000000001
000000000000000
000000000000000
000000000000000
000000000000000
000000000000011
000000000000000
111111111111111
000000000000000
000000000000000
000000000000000
000000000000000
000000000000001
000000000000000
000000000000000
000000000000010
000000000000000
000000000000000
000000000000000
000000000000000
000000000000111
000000000000000
000000000000001
000000000000100
000000000000000
000000000000000
000000000000010
000000000000010
000000000000000
000000000000000
000000000000000
000000000000000
000000000000000
000000000000001
