111111111001000
000000001100000
000000001100110
111111110011010
111111110110100
111111110101100
000000001011010
000000000101110
000000001011110
111111110100110
000000000010100
111111110111010
111111110010110
000000001100010
000000001101000
111111111101000
000000001000010
000000000110000
000000001011110
000000001100010
111111110011100
000000000111110
111111110100100
111111111010100
000000001100100
000000000111100
000000001000110
000000001001010
000000001101000
111111110111100
000000001100010
000000001000000
111111111010100
000000001010110
000000001011100
000000001100110
000000001011000
000000001001100
000000001101000
000000001100110
111111111100100
111111110011110
000000001011110
000000001100110
111111110100100
000000001011000
000000001001100
111111110100010
000000001100010
111111110100010
111111110100100
000000001100010
111111110101000
111111110100100
000000001010010
000000001100000
111111110010110
111111110101010
000000001100100
000000001100100
000000000000010
000000001100110
000000001001110
000000000100000
000000001100110
111111111001010
000000000000000
000000001101100
000000000001000
111111110010110
000000001001000
000000001011000
111111110110100
000000001100000
000000001011100
111111111010100
000000000101000
111111110100010
111111110011100
000000001101000
000000001000000
111111111100000
000000001100100
000000000001110
000000001010110
000000001001010
000000001011110
000000001010110
111111110101010
111111111001010
000000000101000
111111111001100
111111111000000
000000000010010
111111110011100
000000001100100
000000000011110
000000001011100
111111110110110
111111110010110
000000000101100
111111110111010
000000000011110
000000000111100
000000001101010
111111110100010
000000001100110
111111111001100
111111110011110
111111111101100
111111110111100
111111110011100
111111110110000
111111110011000
111111110100110
111111110101110
000000001010000
111111110110000
000000001001000
111111110100100
111111111001100
000000001100100
000000001101000
000000001011110
111111110111110
111111111010110
000000000000000
111111111011110
111111110110100
111111111111100
000000001011010
111111110110100
111111111010110
111111111001100
111111110101000
000000000011010
000000001001100
000000001000000
111111110101110
000000001000100
111111111100010
111111110111010
000000001101100
111111110110110
111111111100100
111111110110110
111111111000110
000000001001010
111111110100010
000000000011000
000000000001100
000000001011100
111111111000110
000000001101000
000000000011100
000000001000000
000000001011010
111111110100010
111111111111100
111111110011010
111111111011000
000000001010110
111111110101100
111111110011110
000000001011100
111111110100000
000000001100110
111111110100000
111111110011110
000000000100100
111111111001100
111111110011010
000000000011010
000000001011100
111111110100100
111111110110000
111111110100000
111111110011000
000000001001110
000000000001100
111111110011100
111111110011100
111111110111000
000000001100110
111111110011110
000000000010100
000000001011110
000000000010000
000000001011000
000000001000100
000000000011100
111111110101110
111111110111100
000000000000010
111111110100110
000000000111110
111111110101110
111111110011000
000000001100010
111111110011110
111111110011000
000000000000000
111111111100100
111111111011100
111111111011100
000000001010010
111111111010110
000000001000100
000000001100000
111111111111000
111111111000110
000000001011100
111111110011110
000000000010110
000000001011110
111111111010010
111111111010100
000000001101010
111111110011100
111111110101010
111111111101010
000000001001100
000000001101000
000000001011010
000000000100000
000000001010000
000000001000010
111111110101100
111111111100110
000000001100110
111111110011000
111111110101100
000000000011000
000000001101100
000000001011100
111111111000000
000000001011110
111111110011011
111111111011100
000000000000010
000000000111010
000000001100100
000000001011100
111111110101000
000000001001100
000000001011100
111111110011100
111111110011100
000000001100110
000000001010010
111111110100100
000000001100100
111111110001110
111111111010110
111111111010010
000000001100010
000000001001010
111111110101000
000000001011110
111111110101000
000000000101000
000000001101000
000000001000100
111111111111010
111111110101100
000000001010110
111111110011000
000000001100010
000000001100000
000000001001000
000000001011100
111111110111100
000000000010000
111111110011000
000000000111110
000000001101000
111111111010010
000000001011100
111111110110000
111111110100000
111111110100010
000000001000100
000000001100010
000000001000110
111111110011110
111111110011110
111111110011110
111111110100010
111111110011100
111111110111010
000000000110100
111111110110110
000000001010010
111111111011000
111111110101000
111111110011000
111111111001010
111111111000110
000000000000000
111111110101010
000000001000010
111111110010110
111111111011100
111111111000100
111111110100010
111111111000000
000000001101000
000000001001110
111111110100100
111111111000010
111111111111010
000000001100010
000000001010100
111111110100110
000000001011000
111111110101110
000000001000010
000000001000010
000000000110110
111111111000000
000000001010010
111111110100000
000000000111100
111111110011001
000000001000000
000000001011010
000000000000100
111111110100000
111111110101100
111111110100100
000000001100110
111111111100000
111111111101110
111111110101100
000000001101000
000000001000110
