001001100101000
000110000001110
000011010100000
000011101011010
001010001000000
110100001011100
000100001010010
110011010011010
000100100111000
000110101001110
110101011001100
001000000011000
000011010110000
000100101101110
000100000100110
001011011111000
000111010111000
000100000100110
001000101000010
000010100010110
000111010011000
001000101010110
000110010010100
001001001100110
000010100111100
001000011100010
110100000111110
001000000001010
000100011011100
001011011100000
000011101101110
000101101100100
000111000110110
000100111100110
001110011001110
000010111101100
001000000100110
000100001100100
000010011011101
000010111010000
001000111101110
000011101111000
000011111010110
000101100100100
000011111110110
000110110010000
001100011100100
110010110111110
001001010001010
001010101101000
000101101101010
000101110010000
001000100111000
000111111100110
000101011011010
000011101001100
001110110101110
001001011000110
000011110100100
000101000111010
001110101100100
000100001011000
000100100100000
110000010110100
000111000011110
001100010001010
001011111110110
000011001010010
110010100111000
000101111101000
001011000101110
001000100111010
001000101111110
001010111100110
000111110001110
000111000110110
001101010111010
001000001111010
000011011111100
000100001101100
001000110110110
001001110001110
000011111001100
000101101111000
001101010001000
000100001100000
000100110100000
000101001111110
000100110100010
000111110111000
001010000101100
000110111101000
000111101111110
000110100000100
000110011000000
001000010000100
001101100100000
000110001000010
110000110101100
000100000110100
000100111110010
110100010100010
001110000101100
000111001100010
000011100011010
001000111101100
000011001010000
001110000101010
000010111001110
000110010011100
001001110111110
001010000111010
001001111011010
000110000001010
000101011000110
001010100010000
000101100111000
000110111011100
001011000110010
000101000011110
000001000101100
000011011100100
000100101101100
001000001010000
000110110110000
000110101111000
001011110100010
001010011011010
000100100001110
001000010010100
000111111001100
000111110011100
001010110100010
001110001010110
000101101111100
001011110011110
001101000110000
110010010110100
000111011000010
001001101101000
000111000101100
110011100010100
000100100111010
110100000100100
001011011110110
110000010111000
001011101111010
001000001000110
000100000111000
001010010011100
001010100011100
001001000111010
001001011111000
000101111001100
001001100111000
001001100010110
001000100000100
000011000000010
000111111001100
000110110000010
000111111010110
000100110001010
000110100110110
000100001011000
001001110100100
000011001000010
000110100001110
000100101101000
000011111000100
001010000010010
001101110011110
000100101111110
001101110010000
000111000111100
000101110000110
001000001100010
000101000111110
000111000110100
000101011011000
000011110110100
000110110000110
000011000000000
001000100110100
000111011001100
000101000110100
111101000100000
001010000001110
110111000000010
000101010111010
000100100110110
001000011110000
000110010110110
111010010000000
001100111000010
000110000111110
000110010101100
000110111110100
000100111011110
000011010100000
000100010111100
000101010011010
001010101011000
001011101111110
001000110010010
001110110111010
001000101010010
000110000011010
000101101111000
000110000000000
000110100011000
000101101101000
000101011110000
001000101111110
000110100010010
001010001110110
001111100100000
110100011101100
000110011110110
000011110010000
000110000111010
001001000001010
000001111011100
000110100110010
000011011000010
001000010100100
001000100010100
001001001001000
000110001100000
110110110101100
000010100111010
000100010010000
000110001101010
001000011101010
001010000000100
110001110000100
111010011001100
000101011100110
000001111100100
001001100011010
110011110111110
001111101000000
000011010110110
000101001000110
000010101100010
000011101010000
111000000100110
000011101110110
000011110110010
001000000001000
001001000000000
001111101011100
111000101011010
000110100010010
000110000110010
000101111100100
000100111011010
001011110010010
000011111101000
001010111111110
000110111000100
000111110001010
000100010000000
001010011100000
000111001101110
000111111010000
000011110110000
000110110000110
000110110000010
000100110110010
001111101001110
110010111001000
111100101100000
001101001001100
001010010100100
000111010000100
000110100101000
001011111110100
001000111100110
000101001001110
000101000111110
000011111000100
000001101010100
000110000011110
000101011101000
000100001010000
000111011000000
001001100010100
000110010110010
000100110100000
001101100110110
001100000011110
000111111011000
000100010011100
001001000110000
000011111010100
000011100001000
001001011011110
001100011110100
000101101010100
000111001110000
110111011110100
000100000111100
001000000011110
000110010101010
000100011100010
001010111110100
000011000101000
001010011001010
001011000001000
001111111011110
110001011111000
000011010110010
000110110000110
001000001100100
000101010011010
001100100111000
001100100001010
000101100101110
001001101000100
000110010110010
000110011101100
000101000101000
001111110010010
000010000110100
000100101010010
000111010000110
001111000000110
110011111110010
001011111111100
001111101101110
000110001111010
110000010010000
000110001000000
000111111001010
000011001101000
110001110000010
