000000010100100
000000010110000
000000110101011
000000111010010
000000011010011
000000100110111
000000010100011
000000100111010
000000100001111
000000100011011
000000001110000
000000100010000
000000010101001
000000111110101
000000011000111
000000011001000
000000101110000
000000110110001
000000101110100
000000100000001
000000001111001
000000110011000
000000010010101
000000001100110
000000101000001
000000101011000
000000101011101
000000010111000
000000100011000
000000100011100
000000011010001
000000100110001
000000010101111
000000011111110
000000011011111
000000011101110
000000101011011
000000010011100
000000011110000
000000010111101
