000000000000010
111111111100101
000000001011100
000000010010011
111111110101001
000000011100001
111111110111101
111111111001001
000000011110110
111111011000101
000000001101111
000000010001101
111111111110001
111111111101101
111111111011010
000000001000001
000000001100101
111111110001001
111111111111000
000000010110100
111111111011000
000000000111101
000000001010010
111111111101100
111111100101110
000000000101011
111111111000010
000000000010011
000000010000110
111111100110001
000000001000110
111111101001110
000000000001111
111111111011010
000000000111001
111111111110011
111111111000011
000000000101011
000000000111101
111111111011000
