7.1875 7.11181640625 0.075683594 0.004730224609375
6.671875 6.658203125 0.013671875 0.005584716796875
6.90625 6.87548828125 0.030761719 0.00750732421875
7.421875 7.4052734375 0.016601562 0.008544921875
5.328125 5.2841796875 0.043945312 0.01129150390625
2.34375 2.3486328125 0.0048828125 0.0115966796875
4.1484375 4.14794921875 0.00048828125 0.011627197265625
4.9609375 4.95361328125 0.0073242188 0.0120849609375
-5.3984375 -5.32861328125 0.06982422 0.016448974609375
-4.1875 -4.19091796875 0.0034179688 0.01666259765625
-4.921875 -4.89453125 0.02734375 0.01837158203125
-4.2734375 -4.2470703125 0.026367188 0.02001953125
-2.75 -2.71533203125 0.03466797 0.022186279296875
-1.6796875 -1.69873046875 0.019042969 0.02337646484375
-3.125 -3.11962890625 0.0053710938 0.023712158203125
-2.15625 -2.1484375 0.0078125 0.024200439453125
