000000011011011
000000000000101
000000100110111
000000001100101
000000110001011
111111111101011
000000101111111
000000011110011
000000101000001
111111111110010
000000101000001
000000011001100
000000011111010
111111110111101
000000010111011
000000010010010
111111100110001
000000101001000
000000110001111
000000101100011
111111010000100
000000111000111
000000101011101
000000001001111
111111010101000
000000101111110
000000011111110
000000000100111
111111101011101
000000100111001
000000010001101
111111110100010
111111011010011
000000001101010
111111100110101
000000000010000
111111000010000
000000010001100
111111010110111
111111100010011
111111001111111
000000001011000
111111011010101
111111100100110
111111011101011
000000001100011
111111101000101
111111101011001
000000001100011
111111011111000
111111001110101
111111010110101
000000001110111
111111011000110
111111010110011
111111101011011
000000001111000
111111011111101
111111100010010
111111110001101
000000000101000
111111101101011
111111110110011
111111111111000
