[1.71484375 0.04736328 2.42089844 0.77734375]
[ 3.08007812 -0.16796875  2.98144531  1.88232422]
[ 2.5        -0.11328125  2.49902344  1.57958984]
[ 1.93554688 -0.52636719  1.4609375   1.13623047]
[-1.62109375  2.53857422  3.09863281  2.75634766]
[-2.96679688  3.51464844  2.72460938  0.62109375]
[-2.6875      2.95605469  1.98632812  0.30859375]
[-1.28320312  2.43066406  1.10253906 -0.72900391]
[-2.35546875  0.82763672 -1.58105469  0.14013672]
[-3.86523438  1.09960938 -2.56054688 -1.83691406]
[-3.          0.69335938 -2.33007812 -1.69238281]
[-2.15039062  0.78515625 -1.45800781 -1.30029297]
[ 0.76171875 -2.0390625  -3.06640625 -2.57324219]
[ 0.91796875 -2.42822266 -2.59472656 -1.28222656]
[ 0.92578125 -2.00048828 -1.85839844 -0.89550781]
[ 0.30859375 -1.15185547 -0.60742188 -0.06298828]
