[[ 1.7124499 ]
 [ 0.04627845]
 [ 2.4356222 ]
 [ 0.7950997 ]
 [ 3.092911  ]
 [-0.16456327]
 [ 2.9947712 ]
 [ 1.905121  ]
 [ 2.5121832 ]
 [-0.10952705]
 [ 2.5099952 ]
 [ 1.598287  ]
 [ 1.9537786 ]
 [-0.5240962 ]
 [ 1.4669728 ]
 [ 1.1459693 ]
 [-1.6235642 ]
 [ 2.5632334 ]
 [ 3.1196816 ]
 [ 2.7753983 ]
 [-2.972004  ]
 [ 3.554855  ]
 [ 2.7333705 ]
 [ 0.6232653 ]
 [-2.6917326 ]
 [ 2.9891412 ]
 [ 1.9918973 ]
 [ 0.30798227]
 [-1.2800426 ]
 [ 2.452457  ]
 [ 1.1068734 ]
 [-0.73545235]
 [-2.3558762 ]
 [ 0.8342409 ]
 [-1.5914413 ]
 [ 0.1272019 ]
 [-3.8792841 ]
 [ 1.0995345 ]
 [-2.5753787 ]
 [-1.8568628 ]
 [-3.0107849 ]
 [ 0.6898162 ]
 [-2.343171  ]
 [-1.7093285 ]
 [-2.16461   ]
 [ 0.7802716 ]
 [-1.4665093 ]
 [-1.3091506 ]
 [ 0.78124183]
 [-2.063894  ]
 [-3.0871758 ]
 [-2.5892072 ]
 [ 0.93157405]
 [-2.4563293 ]
 [-2.6031065 ]
 [-1.2936232 ]
 [ 0.93791693]
 [-2.0236495 ]
 [-1.8636978 ]
 [-0.9029145 ]
 [ 0.31405944]
 [-1.1657678 ]
 [-0.60819125]
 [-0.06638239]]