000000011011100
000000000000101
000000100110010
000000001011111
000000110001011
111111111100110
000000101111001
000000011101011
000000101000000
111111111101110
000000100111100
000000011000101
000000011111000
111111110111001
000000010111000
000000010001110
111111100101110
000000101000000
000000110001000
000000101011101
111111010000010
000000110111011
000000101011001
000000001001100
111111010100110
000000101110100
000000011111011
000000000100100
111111101011010
000000100110011
000000010001011
111111110100010
111111011010001
000000001100110
111111100110111
000000000010001
111111000010000
000000010001010
111111010111001
111111100010011
111111001111111
000000001010101
111111011010101
111111100100101
111111011101100
000000001100011
111111101000101
111111101011000
000000001100001
111111011111001
111111001111000
111111010110111
000000001110101
111111011000111
111111010110001
111111101011011
000000001110110
111111011111101
111111100001111
111111110001100
000000000100111
111111101101011
111111110101111
111111111110110
