111111111101010
000000000010110
111111111110111
111111111010101
111111111110101
000000000100101
000000000011110
000000000101111
111111111011000
000000000011111
000000000101100
000000000100100
000000000100000
000000000000011
000000000100001
000000000011101
000000000101100
111111111101110
000000000101110
000000000010111
111111111111111
000000000100010
000000000101100
000000000000110
000000000101010
111111111101011
111111111111101
000000000011100
000000000000000
111111111010101
111111111101000
000000000001100
000000000100000
000000000011111
000000000011011
111111111101010
