000000000101011
111111111110000
000000000011000
111111111111000
000000000010100
000000000110000
000000000000000
000000000010001
111111111101101
111111111101001
000000000000110
000000000100100
000000000101000
111111111110111
111111111111110
000000000001001
000000000001100
000000000011010
000000000000001
000000000000110
000000000011101
111111111110101
000000000101100
000000000010001
111111111111100
111111111111111
111111111010110
000000000000000
111111111011001
111111111011010
000000000000011
111111111011110
111111111101010
111111111110001
111111111101000
111111111010110
