[[[[0.6171875  0.4375     0.19140625]
   [0.62109375 0.43359375 0.18359375]
   [0.64453125 0.453125   0.19921875]
   ...
   [0.453125   0.33203125 0.12890625]
   [0.         0.         0.        ]
   [0.         0.         0.        ]]

  [[0.59375    0.4375     0.19921875]
   [0.58984375 0.4296875  0.15625   ]
   [0.62109375 0.4453125  0.17578125]
   ...
   [0.46484375 0.34375    0.1328125 ]
   [0.         0.         0.        ]
   [0.         0.         0.        ]]

  [[0.58984375 0.4296875  0.18359375]
   [0.58984375 0.42578125 0.12890625]
   [0.6171875  0.43359375 0.140625  ]
   ...
   [0.46875    0.34765625 0.12890625]
   [0.         0.         0.        ]
   [0.         0.         0.        ]]

  ...

  [[0.2109375  0.41796875 0.625     ]
   [0.21875    0.41015625 0.58203125]
   [0.17578125 0.34765625 0.515625  ]
   ...
   [0.08203125 0.26171875 0.4296875 ]
   [0.         0.         0.        ]
   [0.         0.         0.        ]]

  [[0.         0.         0.        ]
   [0.         0.         0.        ]
   [0.         0.         0.        ]
   ...
   [0.         0.         0.        ]
   [0.         0.         0.        ]
   [0.         0.         0.        ]]

  [[0.         0.         0.        ]
   [0.         0.         0.        ]
   [0.         0.         0.        ]
   ...
   [0.         0.         0.        ]
   [0.         0.         0.        ]
   [0.         0.         0.        ]]]]