000000000100011
000000000011000
000000000110100
000000000011110
111111111110101
000000000000011
000000000100011
000000000000001
111111111111000
000000000010011
111111111110011
000000000001010
000000000101111
000000000100100
111111111111011
000000000011011
111111111110100
000000000001110
111111111111101
000000000100100
000000000010110
000000000010001
000000000101101
000000000000001
000000000101110
111111111110100
000000000011101
000000000010000
000000000000111
000000000011100
111111111111111
000000000000000
000000000010011
111111111100111
111111111101001
111111111110000
000000000011100
000000000011001
111111111110110
000000000100101
111111111100110
000000000001111
111111111101111
111111111100111
000000000011000
000000000011100
111111111111100
111111111100111
000000000100110
111111111101010
000000000101000
000000000001110
000000000000011
111111111110100
000000000000110
111111111101011
111111111101011
000000000000001
111111111101011
000000000000011
111111111100111
000000000011110
111111111110110
111111111110110
111111111100111
000000000100010
111111111110111
000000000001111
000000000000000
000000000010011
111111111111101
000000000100001
000000000001010
000000000000101
000000000000000
111111111100100
000000000100001
000000000001110
000000000011001
000000000100011
000000000100110
111111111111110
000000000100000
000000000000011
000000000010101
111111111101010
000000000010111
111111111100000
000000000001111
111111111101110
000000000001100
111111111100000
000000000010001
000000000011101
111111111100011
111111111101010
111111111101011
111111111110001
000000000000111
111111111011111
111111111101101
000000000011000
111111111010010
000000000001101
111111111111100
111111111011110
111111111010110
111111111111111
111111111100110
111111111011000
000000000000111
111111111101100
111111111010111
111111111111111
111111111110000
111111111011000
000000000010101
111111111111010
111111111101000
000000000011010
000000000011100
111111111111100
000000000001101
000000000000101
111111111111010
000000000010011
000000000010111
111111111111110
000000000011010
000000000010011
111111111101100
111111111110001
000000000011001
000000000001011
000000000010010
000000000000110
111111111011010
111111111110001
000000000011000
000000000010000
000000000100000
000000000001010
000000000010101
000000000011000
