111111111101000
000000010000111
000000000101101
000000011111000
000000000111000
000000011010001
111111111110000
000000001011011
000000001100101
000000001010000
111111111010111
000000001010000
111111111111010
000000011100001
000000000110011
000000000100011
000000000000100
111111110101001
111111110011110
111111100011101
111111111110111
111111100001110
111111101110011
111111111011000
111111101110110
111111111000100
000000000001101
111111110111000
000000000011101
111111100000101
111111110011110
111111111101000
