111111111100110
000000010000100
000000000100101
000000011101101
000000000110000
000000011001001
111111111101000
000000001010100
000000001100010
000000001001111
111111111010101
000000001001010
111111111111000
000000011011110
000000000101110
000000000011110
000000000000010
111111110100101
111111110100001
111111100100001
111111111111000
111111100001100
111111101110101
111111111010111
111111101111000
111111111000000
000000000001100
111111110111010
000000000011100
111111100000011
111111110100000
111111111101010
