111111111101100
000000000001101
000000000000001
000000000001011
000000000000110
000000000100010
000000000010101
000000000000010
000000000010011
000000000001011
000000000001011
000000000011000
111111111111010
000000000100011
000000000000000
000000000100000
000000000010111
000000000010101
000000000001001
000000000011111
000000000001101
111111111100011
000000000010001
000000000001011
111111111011101
111111111101101
111111111110101
000000000011110
111111111101000
111111111011110
111111111101110
000000000001010
111111111100011
000000000000100
000000000001111
111111111100000
000000000011011
111111111100100
111111111111011
111111111110101
000000000011011
000000000001111
111111111100110
111111111110001
111111111111100
111111111111010
111111111110111
000000000010101
000000000011100
111111111101111
000000000000101
111111111111110
111111111100111
000000000010011
000000000011111
111111111110111
111111111101110
000000000001101
000000000010111
111111111111011
000000000011111
000000000000000
000000000011111
111111111110111
111111111101111
111111111110101
111111111101110
000000000000001
111111111101010
111111111101011
111111111110101
111111111111111
