[-0.16133182]
[0.10595223]
[0.01513359]
[0.0885306]
[0.04864766]
[0.26699156]
[0.17098656]
[0.01602148]
[0.15071882]
[0.08618041]
[0.09230128]
[0.19440165]
[-0.04988793]
[0.27348387]
[-0.00456465]
[0.2561522]
[0.1802085]
[0.16593724]
[0.07312676]
[0.24927816]
[0.10695108]
[-0.23385377]
[0.13457395]
[0.09287398]
[-0.27687347]
[-0.14934307]
[-0.08771606]
[0.23585702]
[-0.18847448]
[-0.26767457]
[-0.1467041]
[0.07832442]
[-0.23359187]
[0.03854051]
[0.12357407]
[-0.25491783]
[0.21393235]
[-0.21932456]
[-0.04134842]
[-0.09368116]
[0.2158829]
[0.12293091]
[-0.20598869]
[-0.11751832]
[-0.03769847]
[-0.05383417]
[-0.07650767]
[0.1705649]
[0.21882403]
[-0.1348036]
[0.04289807]
[-0.02256261]
[-0.20225313]
[0.1489362]
[0.24782303]
[-0.07396974]
[-0.14622667]
[0.10667831]
[0.18548217]
[-0.03936555]
[0.24398054]
[-0.0059156]
[0.24251232]
[-0.07194504]
[-0.13745224]
[-0.08616513]
[-0.14559464]
[0.01477829]
[-0.17915592]
[-0.16693053]
[-0.09283745]
[-0.01053121]
