000000010100001
111111011000110
000000111101001
111111111110100
000000010010000
111111011110000
000000110100111
111111111111001
000000001111110
111111100011011
000000101100101
111111111111101
000000001101101
111111101000101
000000100100011
000000000000001
000000001011100
111111101110000
000000011100001
000000000000110
000000001001011
111111110011011
000000010011111
000000000001011
000000000111001
111111111000101
000000001011101
000000000010000
000000000101000
111111111110000
000000000011010
000000000010101
111111101011111
000000100111010
111111000010111
000000000001100
111111101110000
000000100010000
111111001011001
000000000000111
111111110000010
000000011100101
111111010011011
000000000000011
111111110010011
000000010111011
111111011011101
111111111111111
111111110100100
000000010010000
111111100011111
111111111111010
111111110110101
000000001100101
111111101100001
111111111110101
111111111000111
000000000111011
111111110100011
111111111110000
111111111011000
000000000010000
111111111100110
111111111101011
