[[ 1.2597656 ]
 [-2.4414062 ]
 [ 3.8051758 ]
 [-0.10986328]]
[[ 1.125     ]
 [-2.1113281 ]
 [ 3.291504  ]
 [-0.07080078]]
[[ 0.9902344 ]
 [-1.78125   ]
 [ 2.777832  ]
 [-0.03173828]]
[[ 0.85546875]
 [-1.4511719 ]
 [ 2.2641602 ]
 [ 0.00732422]]
[[ 0.7207031 ]
 [-1.1210938 ]
 [ 1.7504883 ]
 [ 0.04638672]]
[[ 0.5859375 ]
 [-0.7910156 ]
 [ 1.2368164 ]
 [ 0.08544922]]
[[ 0.45117188]
 [-0.4609375 ]
 [ 0.72314453]
 [ 0.12451172]]
[[ 0.31640625]
 [-0.13085938]
 [ 0.20947266]
 [ 0.16357422]]
[[-1.2597656 ]
 [ 2.4414062 ]
 [-3.8051758 ]
 [ 0.10986328]]
[[-1.125     ]
 [ 2.1113281 ]
 [-3.291504  ]
 [ 0.07080078]]
[[-0.9902344 ]
 [ 1.78125   ]
 [-2.777832  ]
 [ 0.03173828]]
[[-0.85546875]
 [ 1.4511719 ]
 [-2.2641602 ]
 [-0.00732422]]
[[-0.7207031 ]
 [ 1.1210938 ]
 [-1.7504883 ]
 [-0.04638672]]
[[-0.5859375 ]
 [ 0.7910156 ]
 [-1.2368164 ]
 [-0.08544922]]
[[-0.45117188]
 [ 0.4609375 ]
 [-0.72314453]
 [-0.12451172]]
[[-0.31640625]
 [ 0.13085938]
 [-0.20947266]
 [-0.16357422]]
