[[ 1.260648  ]
 [-2.459159  ]
 [ 3.8279548 ]
 [-0.09926641]
 [ 1.1258883 ]
 [-2.1266313 ]
 [ 3.3111806 ]
 [-0.06144404]
 [ 0.99112815]
 [-1.7941036 ]
 [ 2.7944057 ]
 [-0.02362192]
 [ 0.85636836]
 [-1.4615761 ]
 [ 2.277631  ]
 [ 0.01420042]
 [ 0.72160834]
 [-1.1290487 ]
 [ 1.7608564 ]
 [ 0.0520227 ]
 [ 0.5868485 ]
 [-0.7965212 ]
 [ 1.2440819 ]
 [ 0.08984488]
 [ 0.4520886 ]
 [-0.4639937 ]
 [ 0.72730714]
 [ 0.12766716]
 [ 0.31732863]
 [-0.13146617]
 [ 0.21053243]
 [ 0.16548938]
 [-1.260648  ]
 [ 2.459159  ]
 [-3.8279548 ]
 [ 0.09926641]
 [-1.1258883 ]
 [ 2.1266313 ]
 [-3.3111806 ]
 [ 0.06144404]
 [-0.99112815]
 [ 1.7941036 ]
 [-2.7944057 ]
 [ 0.02362192]
 [-0.85636836]
 [ 1.4615761 ]
 [-2.277631  ]
 [-0.01420042]
 [-0.72160834]
 [ 1.1290487 ]
 [-1.7608564 ]
 [-0.0520227 ]
 [-0.5868485 ]
 [ 0.7965212 ]
 [-1.2440819 ]
 [-0.08984488]
 [-0.4520886 ]
 [ 0.4639937 ]
 [-0.72730714]
 [-0.12766716]
 [-0.31732863]
 [ 0.13146617]
 [-0.21053243]
 [-0.16548938]]