000000010011110
111111011001000
000000111100011
111111111110000
000000010001101
111111011110010
000000110100011
111111111110101
000000001111100
111111100011100
000000101100000
111111111111010
000000001101011
111111101000110
000000100100000
111111111111111
000000001011010
111111101110000
000000011011101
000000000000100
000000001001001
111111110011010
000000010011101
000000000001001
000000000111000
111111111000100
000000001011010
000000000001110
000000000100111
111111111101110
000000000011010
000000000010011
111111101011111
000000100110101
111111000011010
000000000001101
111111101101111
000000100001010
111111001011010
000000000000111
111111110000001
000000011100001
111111010011101
000000000000011
111111110010001
000000010110110
111111011011101
111111111111101
111111110100011
000000010001101
111111100100000
111111111111001
111111110110011
000000001100010
111111101100000
111111111110011
111111111000101
000000000111001
111111110100011
111111111101111
111111111010101
000000000001110
111111111100011
111111111101001
