111111011101011
000000000000000
000000000000111
111111011111101
111111100101110
111111111111111
000000000000100
111111100111100
111111101110101
000000000000000
000000000000011
111111101111110
111111110111001
111111111111111
000000000000000
111111110111110
000000000000000
000000000000000
000000000000000
000000000000000
000000001000011
111111111111110
111111111111101
000000000111111
000000010001010
111111111111111
111111111111011
000000010000001
000000011001110
111111111111110
111111111111001
000000011000001
111111011000101
111111000010101
111111001001001
000000010100110
111111011000101
111111111101111
000000000001011
111111101010110
111111011000101
000000111001001
000000111001101
111111000000110
111111011000101
000001110100011
000001110001111
111110010110110
111111011000101
111111000010101
111111001001001
000000010100110
111111011000101
111111111101111
000000000001011
111111101010110
111111011000101
000000111001001
000000111001101
111111000000110
111111011000101
000001110100011
000001110001111
111110010110110
