118 47.0390625 45.8984375 1.140625 0.0016932169596354165
149 18.53125 17.421875 1.109375 0.002241007486979167
265 39.515625 38.4375 1.078125 0.00385284423828125
282 30.59375 29.265625 1.328125 0.004115804036458334
287 28.8125 27.6875 1.125 0.004284667968750002
308 34.5546875 33.1171875 1.4375 0.004828898111979168
321 40.640625 39.5390625 1.1015625 0.0051071166992187516
358 -62.4765625 64.3125 1.8359375 0.005873616536458335
389 23.4765625 22.171875 1.3046875 0.006601969401041669
430 30.140625 28.84375 1.296875 0.007574462890625005
476 36.84375 35.78125 1.0625 0.008241780598958337
522 28.03125 26.84375 1.1875 0.008993530273437501
548 31.7890625 30.4609375 1.328125 0.00965372721354167
561 37.421875 36.3828125 1.0390625 0.009909566243489584
598 60.359375 59.28125 1.078125 0.010585021972656252
629 21.5 20.328125 1.171875 0.011257934570312508
670 27.71875 26.5390625 1.1796875 0.012156168619791675
762 25.4765625 24.3984375 1.078125 0.013463338216145846
788 29.015625 27.8125 1.203125 0.01407216389973959
869 19.5234375 18.5 1.0234375 0.015539550781250014
910 25.2890625 24.2421875 1.046875 0.01636047363281251
1028 26.2421875 25.1640625 1.078125 0.018104044596354174
2174 34.6015625 33.3515625 1.25 0.03358510335286455
2185 38.0859375 36.9296875 1.15625 0.03383229573567705
2202 16.5 15.4453125 1.0546875 0.03417053222656246
2207 15.3203125 14.1953125 1.125 0.03434906005859371
2241 48.046875 46.71875 1.328125 0.03522440592447914
2295 22.9296875 21.734375 1.1953125 0.03643747965494789
2300 13.5234375 12.4609375 1.0625 0.03663736979166664
2342 28.7109375 27.375 1.3359375 0.0376057942708333
2350 23.15625 22.125 1.03125 0.03784637451171872
2396 33.6796875 32.65625 1.0234375 0.03850148518880205
2399 11.375 10.328125 1.046875 0.038593546549479135
2414 30.640625 29.5078125 1.1328125 0.03900299072265622
2425 33.7578125 32.7265625 1.03125 0.0392267862955729
2481 42.5703125 41.3671875 1.203125 0.04047190348307291
2535 20.28125 19.1875 1.09375 0.041578165690104155
2582 26.25 25.0234375 1.2265625 0.042618815104166645
2654 26.6796875 25.6328125 1.046875 0.04387613932291663
2721 37.1015625 36.0859375 1.015625 0.0451558430989583
2822 23.796875 22.703125 1.09375 0.0470591227213541
12358 17.6484375 16.578125 1.0703125 0.07930653889973958
12598 24.9453125 23.734375 1.2109375 0.08169453938802083
12629 8.296875 7.1484375 1.1484375 0.08213907877604165
12762 18.921875 17.8359375 1.0859375 0.08354034423828126
12788 17.828125 16.7109375 1.1171875 0.0839482625325521
12838 32.2421875 30.859375 1.3828125 0.08462677001953123
12869 12.140625 10.8046875 1.3359375 0.08515370686848958
13002 21.9140625 20.6171875 1.296875 0.08681589762369786
13028 21.921875 20.6640625 1.2578125 0.0872975667317708
13078 39.5390625 37.9921875 1.546875 0.08809000651041665
13109 15.9765625 14.5 1.4765625 0.08869883219401044
13150 19.3828125 18.234375 1.1484375 0.08945261637369793
13318 29.6640625 28.6171875 1.046875 0.09146169026692717
13349 11.2265625 10.203125 1.0234375 0.09192148844401055
14350 25.7734375 24.765625 1.0078125 0.10542755126953134
14582 17.8984375 16.8203125 1.078125 0.10981343587239602
14590 28.5546875 27.4453125 1.109375 0.11005808512369811
14636 39.453125 38.3984375 1.0546875 0.11069742838541688
14665 40.2265625 39.140625 1.0859375 0.11128946940104188
14708 33.1171875 32.046875 1.0703125 0.1122863769531252
14721 43.9765625 42.9453125 1.03125 0.11256561279296894
14758 -61.75 65.3828125 3.6328125 0.11351826985677105
14775 25.9375 24.828125 1.109375 0.11394653320312521
14789 29.203125 28.109375 1.09375 0.11431427001953148
14822 20.3203125 19.125 1.1953125 0.11509806315104189
14830 31.3359375 30.1171875 1.21875 0.11536814371744815
14876 43.375 42.2109375 1.1640625 0.11607208251953151
14905 44.1796875 43.0 1.1796875 0.11673075358072943
14922 25.9140625 24.796875 1.1171875 0.11705017089843776
14927 23.5 22.453125 1.046875 0.11722106933593776
14948 36.375 35.21875 1.15625 0.11782633463541695
14961 48.625 47.5078125 1.1171875 0.11813405354817737
14998 -55.5859375 71.484375 15.8984375 0.1199488321940107
15015 28.40625 27.171875 1.234375 0.12041575113932318
15029 32.421875 31.25 1.171875 0.12081960042317734
15062 22.734375 21.421875 1.3125 0.12166849772135442
15070 34.1171875 32.7890625 1.328125 0.12196095784505234
15116 47.2890625 46.0078125 1.28125 0.12272847493489605
15201 37.1640625 36.15625 1.0078125 0.12427062988281268
15302 19.609375 18.5625 1.046875 0.12611440022786474
