[[[[ 3.0000000e+01
     2.9984375e+01
     2.9984375e+01
    ...
     2.8140625e+01
     2.8140625e+01
     2.8125000e+01]
   [ 2.8125000e+01
     2.8109375e+01
     2.8109375e+01
    ...
     2.6265625e+01
     2.6265625e+01
     2.6250000e+01]
   [ 2.6250000e+01
     2.6234375e+01
     2.6234375e+01
    ...
     2.4390625e+01
     2.4390625e+01
     2.4375000e+01]
   ...
   [ 2.0625000e+01
     2.0609375e+01
     2.0609375e+01
    ...
     1.8765625e+01
     1.8765625e+01
     1.8750000e+01]
   [ 1.8750000e+01
     1.8734375e+01
     1.8734375e+01
    ...
     1.6890625e+01
     1.6890625e+01
     1.6875000e+01]
   [ 1.6875000e+01
     1.6859375e+01
     1.6859375e+01
    ...
     1.5015625e+01
     1.5015625e+01
     1.5000000e+01]]

  [[ 1.5000000e+01
     1.4984375e+01
     1.4984375e+01
    ...
     1.3140625e+01
     1.3140625e+01
     1.3125000e+01]
   [ 1.3125000e+01
     1.3109375e+01
     1.3109375e+01
    ...
     1.1265625e+01
     1.1265625e+01
     1.1250000e+01]
   [ 1.1250000e+01
     1.1234375e+01
     1.1234375e+01
    ...
     9.3906250e+00
     9.3906250e+00
     9.3750000e+00]
   ...
   [ 5.6250000e+00
     5.6093750e+00
     5.6093750e+00
    ...
     3.7656250e+00
     3.7656250e+00
     3.7500000e+00]
   [ 3.7500000e+00
     3.7343750e+00
     3.7343750e+00
    ...
     1.8906250e+00
     1.8906250e+00
     1.8750000e+00]
   [ 1.8750000e+00
     1.8593750e+00
     1.8593750e+00
    ...
     1.5625000e-02
     1.5625000e-02
     0.0000000e+00]]

  [[ 0.0000000e+00
    -0.0000000e+00
    -1.5625000e-02
    ...
    -1.8437500e+00
    -1.8593750e+00
    -1.8593750e+00]
   [-1.8750000e+00
    -1.8750000e+00
    -1.8906250e+00
    ...
    -3.7187500e+00
    -3.7343750e+00
    -3.7343750e+00]
   [-3.7500000e+00
    -3.7500000e+00
    -3.7656250e+00
    ...
    -5.5937500e+00
    -5.6093750e+00
    -5.6093750e+00]
   ...
   [-9.3750000e+00
    -9.3750000e+00
    -9.3906250e+00
    ...
    -1.1218750e+01
    -1.1234375e+01
    -1.1234375e+01]
   [-1.1250000e+01
    -1.1250000e+01
    -1.1265625e+01
    ...
    -1.3093750e+01
    -1.3109375e+01
    -1.3109375e+01]
   [-1.3125000e+01
    -1.3125000e+01
    -1.3140625e+01
    ...
    -1.4968750e+01
    -1.4984375e+01
    -1.4984375e+01]]

  ...

  [[-1.5000000e+01
    -1.4984375e+01
    -1.4984375e+01
    ...
    -1.3140625e+01
    -1.3140625e+01
    -1.3125000e+01]
   [-1.3125000e+01
    -1.3109375e+01
    -1.3109375e+01
    ...
    -1.1265625e+01
    -1.1265625e+01
    -1.1250000e+01]
   [-1.1250000e+01
    -1.1234375e+01
    -1.1234375e+01
    ...
    -9.3906250e+00
    -9.3906250e+00
    -9.3750000e+00]
   ...
   [-5.6250000e+00
    -5.6093750e+00
    -5.6093750e+00
    ...
    -3.7656250e+00
    -3.7656250e+00
    -3.7500000e+00]
   [-3.7500000e+00
    -3.7343750e+00
    -3.7343750e+00
    ...
    -1.8906250e+00
    -1.8906250e+00
    -1.8750000e+00]
   [-1.8750000e+00
    -1.8593750e+00
    -1.8593750e+00
    ...
    -1.5625000e-02
    -1.5625000e-02
    -0.0000000e+00]]

  [[ 0.0000000e+00
     0.0000000e+00
     1.5625000e-02
    ...
     1.8437500e+00
     1.8593750e+00
     1.8593750e+00]
   [ 1.8750000e+00
     1.8750000e+00
     1.8906250e+00
    ...
     3.7187500e+00
     3.7343750e+00
     3.7343750e+00]
   [ 3.7500000e+00
     3.7500000e+00
     3.7656250e+00
    ...
     5.5937500e+00
     5.6093750e+00
     5.6093750e+00]
   ...
   [ 9.3750000e+00
     9.3750000e+00
     9.3906250e+00
    ...
     1.1218750e+01
     1.1234375e+01
     1.1234375e+01]
   [ 1.1250000e+01
     1.1250000e+01
     1.1265625e+01
    ...
     1.3093750e+01
     1.3109375e+01
     1.3109375e+01]
   [ 1.3125000e+01
     1.3125000e+01
     1.3140625e+01
    ...
     1.4968750e+01
     1.4984375e+01
     1.4984375e+01]]

  [[ 1.5000000e+01
     1.5000000e+01
     1.5015625e+01
    ...
     1.6843750e+01
     1.6859375e+01
     1.6859375e+01]
   [ 1.6875000e+01
     1.6875000e+01
     1.6890625e+01
    ...
     1.8718750e+01
     1.8734375e+01
     1.8734375e+01]
   [ 1.8750000e+01
     1.8750000e+01
     1.8765625e+01
    ...
     2.0593750e+01
     2.0609375e+01
     2.0609375e+01]
   ...
   [ 2.4375000e+01
     2.4375000e+01
     2.4390625e+01
    ...
     2.6218750e+01
     2.6234375e+01
     2.6234375e+01]
   [ 2.6250000e+01
     2.6250000e+01
     2.6265625e+01
    ...
     2.8093750e+01
     2.8109375e+01
     2.8109375e+01]
   [ 2.8125000e+01
     2.8125000e+01
     2.8140625e+01
    ...
     2.9968750e+01
     2.9984375e+01
     2.9984375e+01]]]]