[[[[20.
    19.984375
    19.96875 ]
   [19.953125
    19.9375
    19.921875]
   [19.90625
    19.890625
    19.875   ]
   ...
   [18.640625
    18.625
    18.609375]
   [18.59375
    18.578125
    18.5625  ]
   [18.546875
    18.53125
    18.515625]]

  [[18.5
    18.484375
    18.46875 ]
   [18.453125
    18.4375
    18.421875]
   [18.40625
    18.390625
    18.375   ]
   ...
   [17.140625
    17.125
    17.109375]
   [17.09375
    17.078125
    17.0625  ]
   [17.046875
    17.03125
    17.015625]]

  [[17.
    16.984375
    16.96875 ]
   [16.953125
    16.9375
    16.921875]
   [16.90625
    16.890625
    16.875   ]
   ...
   [15.640625
    15.625
    15.609375]
   [15.59375
    15.578125
    15.5625  ]
   [15.546875
    15.53125
    15.515625]]

  ...

  [[-0.5
    -0.484375
    -0.46875 ]
   [-0.453125
    -0.4375
    -0.421875]
   [-0.40625
    -0.390625
    -0.375   ]
   ...
   [ 0.859375
     0.875
     0.890625]
   [ 0.90625
     0.921875
     0.9375  ]
   [ 0.953125
     0.96875
     0.984375]]

  [[ 1.
     1.015625
     1.03125 ]
   [ 1.046875
     1.0625
     1.078125]
   [ 1.09375
     1.109375
     1.125   ]
   ...
   [ 2.359375
     2.375
     2.390625]
   [ 2.40625
     2.421875
     2.4375  ]
   [ 2.453125
     2.46875
     2.484375]]

  [[ 2.5
     2.515625
     2.53125 ]
   [ 2.546875
     2.5625
     2.578125]
   [ 2.59375
     2.609375
     2.625   ]
   ...
   [ 3.859375
     3.875
     3.890625]
   [ 3.90625
     3.921875
     3.9375  ]
   [ 3.953125
     3.96875
     3.984375]]]]