000101000000000
000100111111110
000100111111100
000100111111010
000100111111000
000100111110110
000100111110100
000100111110010
000100111110000
000100111101110
000100111101100
000100111101010
000100111101000
000100111100110
000100111100100
000100111100010
000100111100000
000100111011110
000100111011100
000100111011010
000100111011000
000100111010110
000100111010100
000100111010010
000100111010000
000100111001110
000100111001100
000100111001010
000100111001000
000100111000110
000100111000100
000100111000010
000100111000000
000100110111110
000100110111100
000100110111010
000100110111000
000100110110110
000100110110100
000100110110010
000100110110000
000100110101110
000100110101100
000100110101010
000100110101000
000100110100110
000100110100100
000100110100010
000100110100000
000100110011110
000100110011100
000100110011010
000100110011000
000100110010110
000100110010100
000100110010010
000100110010000
000100110001110
000100110001100
000100110001010
000100110001000
000100110000110
000100110000100
000100110000010
000100110000000
000100101111110
000100101111100
000100101111010
000100101111000
000100101110110
000100101110100
000100101110010
000100101110000
000100101101110
000100101101100
000100101101010
000100101101000
000100101100110
000100101100100
000100101100010
000100101100000
000100101011110
000100101011100
000100101011010
000100101011000
000100101010110
000100101010100
000100101010010
000100101010000
000100101001110
000100101001100
000100101001010
000100101001000
000100101000110
000100101000100
000100101000010
000100101000000
000100100111110
000100100111100
000100100111010
000100100111000
000100100110110
000100100110100
000100100110010
000100100110000
000100100101110
000100100101100
000100100101010
000100100101000
000100100100110
000100100100100
000100100100010
000100100100000
000100100011110
000100100011100
000100100011010
000100100011000
000100100010110
000100100010100
000100100010010
000100100010000
000100100001110
000100100001100
000100100001010
000100100001000
000100100000110
000100100000100
000100100000010
000100100000000
000100011111110
000100011111100
000100011111010
000100011111000
000100011110110
000100011110100
000100011110010
000100011110000
000100011101110
000100011101100
000100011101010
000100011101000
000100011100110
000100011100100
000100011100010
000100011100000
000100011011110
000100011011100
000100011011010
000100011011000
000100011010110
000100011010100
000100011010010
000100011010000
000100011001110
000100011001100
000100011001010
000100011001000
000100011000110
000100011000100
000100011000010
000100011000000
000100010111110
000100010111100
000100010111010
000100010111000
000100010110110
000100010110100
000100010110010
000100010110000
000100010101110
000100010101100
000100010101010
000100010101000
000100010100110
000100010100100
000100010100010
000100010100000
000100010011110
000100010011100
000100010011010
000100010011000
000100010010110
000100010010100
000100010010010
000100010010000
000100010001110
000100010001100
000100010001010
000100010001000
000100010000110
000100010000100
000100010000010
000100010000000
000100001111110
000100001111100
000100001111010
000100001111000
000100001110110
000100001110100
000100001110010
000100001110000
000100001101110
000100001101100
000100001101010
000100001101000
000100001100110
000100001100100
000100001100010
000100001100000
000100001011110
000100001011100
000100001011010
000100001011000
000100001010110
000100001010100
000100001010010
000100001010000
000100001001110
000100001001100
000100001001010
000100001001000
000100001000110
000100001000100
000100001000010
000100001000000
000100000111110
000100000111100
000100000111010
000100000111000
000100000110110
000100000110100
000100000110010
000100000110000
000100000101110
000100000101100
000100000101010
000100000101000
000100000100110
000100000100100
000100000100010
000100000100000
000100000011110
000100000011100
000100000011010
000100000011000
000100000010110
000100000010100
000100000010010
000100000010000
000100000001110
000100000001100
000100000001010
000100000001000
000100000000110
000100000000100
000100000000010
000100000000000
000011111111110
000011111111100
000011111111010
000011111111000
000011111110110
000011111110100
000011111110010
000011111110000
000011111101110
000011111101100
000011111101010
000011111101000
000011111100110
000011111100100
000011111100010
000011111100000
000011111011110
000011111011100
000011111011010
000011111011000
000011111010110
000011111010100
000011111010010
000011111010000
000011111001110
000011111001100
000011111001010
000011111001000
000011111000110
000011111000100
000011111000010
000011111000000
000011110111110
000011110111100
000011110111010
000011110111000
000011110110110
000011110110100
000011110110010
000011110110000
000011110101110
000011110101100
000011110101010
000011110101000
000011110100110
000011110100100
000011110100010
000011110100000
000011110011110
000011110011100
000011110011010
000011110011000
000011110010110
000011110010100
000011110010010
000011110010000
000011110001110
000011110001100
000011110001010
000011110001000
000011110000110
000011110000100
000011110000010
000011110000000
000011101111110
000011101111100
000011101111010
000011101111000
000011101110110
000011101110100
000011101110010
000011101110000
000011101101110
000011101101100
000011101101010
000011101101000
000011101100110
000011101100100
000011101100010
000011101100000
000011101011110
000011101011100
000011101011010
000011101011000
000011101010110
000011101010100
000011101010010
000011101010000
000011101001110
000011101001100
000011101001010
000011101001000
000011101000110
000011101000100
000011101000010
000011101000000
000011100111110
000011100111100
000011100111010
000011100111000
000011100110110
000011100110100
000011100110010
000011100110000
000011100101110
000011100101100
000011100101010
000011100101000
000011100100110
000011100100100
000011100100010
000011100100000
000011100011110
000011100011100
000011100011010
000011100011000
000011100010110
000011100010100
000011100010010
000011100010000
000011100001110
000011100001100
000011100001010
000011100001000
000011100000110
000011100000100
000011100000010
000011100000000
000011011111110
000011011111100
000011011111010
000011011111000
000011011110110
000011011110100
000011011110010
000011011110000
000011011101110
000011011101100
000011011101010
000011011101000
000011011100110
000011011100100
000011011100010
000011011100000
000011011011110
000011011011100
000011011011010
000011011011000
000011011010110
000011011010100
000011011010010
000011011010000
000011011001110
000011011001100
000011011001010
000011011001000
000011011000110
000011011000100
000011011000010
000011011000000
000011010111110
000011010111100
000011010111010
000011010111000
000011010110110
000011010110100
000011010110010
000011010110000
000011010101110
000011010101100
000011010101010
000011010101000
000011010100110
000011010100100
000011010100010
000011010100000
000011010011110
000011010011100
000011010011010
000011010011000
000011010010110
000011010010100
000011010010010
000011010010000
000011010001110
000011010001100
000011010001010
000011010001000
000011010000110
000011010000100
000011010000010
000011010000000
000011001111110
000011001111100
000011001111010
000011001111000
000011001110110
000011001110100
000011001110010
000011001110000
000011001101110
000011001101100
000011001101010
000011001101000
000011001100110
000011001100100
000011001100010
000011001100000
000011001011110
000011001011100
000011001011010
000011001011000
000011001010110
000011001010100
000011001010010
000011001010000
000011001001110
000011001001100
000011001001010
000011001001000
000011001000110
000011001000100
000011001000010
000011001000000
000011000111110
000011000111100
000011000111010
000011000111000
000011000110110
000011000110100
000011000110010
000011000110000
000011000101110
000011000101100
000011000101010
000011000101000
000011000100110
000011000100100
000011000100010
000011000100000
000011000011110
000011000011100
000011000011010
000011000011000
000011000010110
000011000010100
000011000010010
000011000010000
000011000001110
000011000001100
000011000001010
000011000001000
000011000000110
000011000000100
000011000000010
000011000000000
000010111111110
000010111111100
000010111111010
000010111111000
000010111110110
000010111110100
000010111110010
000010111110000
000010111101110
000010111101100
000010111101010
000010111101000
000010111100110
000010111100100
000010111100010
000010111100000
000010111011110
000010111011100
000010111011010
000010111011000
000010111010110
000010111010100
000010111010010
000010111010000
000010111001110
000010111001100
000010111001010
000010111001000
000010111000110
000010111000100
000010111000010
000010111000000
000010110111110
000010110111100
000010110111010
000010110111000
000010110110110
000010110110100
000010110110010
000010110110000
000010110101110
000010110101100
000010110101010
000010110101000
000010110100110
000010110100100
000010110100010
000010110100000
000010110011110
000010110011100
000010110011010
000010110011000
000010110010110
000010110010100
000010110010010
000010110010000
000010110001110
000010110001100
000010110001010
000010110001000
000010110000110
000010110000100
000010110000010
000010110000000
000010101111110
000010101111100
000010101111010
000010101111000
000010101110110
000010101110100
000010101110010
000010101110000
000010101101110
000010101101100
000010101101010
000010101101000
000010101100110
000010101100100
000010101100010
000010101100000
000010101011110
000010101011100
000010101011010
000010101011000
000010101010110
000010101010100
000010101010010
000010101010000
000010101001110
000010101001100
000010101001010
000010101001000
000010101000110
000010101000100
000010101000010
000010101000000
000010100111110
000010100111100
000010100111010
000010100111000
000010100110110
000010100110100
000010100110010
000010100110000
000010100101110
000010100101100
000010100101010
000010100101000
000010100100110
000010100100100
000010100100010
000010100100000
000010100011110
000010100011100
000010100011010
000010100011000
000010100010110
000010100010100
000010100010010
000010100010000
000010100001110
000010100001100
000010100001010
000010100001000
000010100000110
000010100000100
000010100000010
000010100000000
000010011111110
000010011111100
000010011111010
000010011111000
000010011110110
000010011110100
000010011110010
000010011110000
000010011101110
000010011101100
000010011101010
000010011101000
000010011100110
000010011100100
000010011100010
000010011100000
000010011011110
000010011011100
000010011011010
000010011011000
000010011010110
000010011010100
000010011010010
000010011010000
000010011001110
000010011001100
000010011001010
000010011001000
000010011000110
000010011000100
000010011000010
000010011000000
000010010111110
000010010111100
000010010111010
000010010111000
000010010110110
000010010110100
000010010110010
000010010110000
000010010101110
000010010101100
000010010101010
000010010101000
000010010100110
000010010100100
000010010100010
000010010100000
000010010011110
000010010011100
000010010011010
000010010011000
000010010010110
000010010010100
000010010010010
000010010010000
000010010001110
000010010001100
000010010001010
000010010001000
000010010000110
000010010000100
000010010000010
000010010000000
000010001111110
000010001111100
000010001111010
000010001111000
000010001110110
000010001110100
000010001110010
000010001110000
000010001101110
000010001101100
000010001101010
000010001101000
000010001100110
000010001100100
000010001100010
000010001100000
000010001011110
000010001011100
000010001011010
000010001011000
000010001010110
000010001010100
000010001010010
000010001010000
000010001001110
000010001001100
000010001001010
000010001001000
000010001000110
000010001000100
000010001000010
000010001000000
000010000111110
000010000111100
000010000111010
000010000111000
000010000110110
000010000110100
000010000110010
000010000110000
000010000101110
000010000101100
000010000101010
000010000101000
000010000100110
000010000100100
000010000100010
000010000100000
000010000011110
000010000011100
000010000011010
000010000011000
000010000010110
000010000010100
000010000010010
000010000010000
000010000001110
000010000001100
000010000001010
000010000001000
000010000000110
000010000000100
000010000000010
000010000000000
000001111111110
000001111111100
000001111111010
000001111111000
000001111110110
000001111110100
000001111110010
000001111110000
000001111101110
000001111101100
000001111101010
000001111101000
000001111100110
000001111100100
000001111100010
000001111100000
000001111011110
000001111011100
000001111011010
000001111011000
000001111010110
000001111010100
000001111010010
000001111010000
000001111001110
000001111001100
000001111001010
000001111001000
000001111000110
000001111000100
000001111000010
000001111000000
000001110111110
000001110111100
000001110111010
000001110111000
000001110110110
000001110110100
000001110110010
000001110110000
000001110101110
000001110101100
000001110101010
000001110101000
000001110100110
000001110100100
000001110100010
000001110100000
000001110011110
000001110011100
000001110011010
000001110011000
000001110010110
000001110010100
000001110010010
000001110010000
000001110001110
000001110001100
000001110001010
000001110001000
000001110000110
000001110000100
000001110000010
000001110000000
000001101111110
000001101111100
000001101111010
000001101111000
000001101110110
000001101110100
000001101110010
000001101110000
000001101101110
000001101101100
000001101101010
000001101101000
000001101100110
000001101100100
000001101100010
000001101100000
000001101011110
000001101011100
000001101011010
000001101011000
000001101010110
000001101010100
000001101010010
000001101010000
000001101001110
000001101001100
000001101001010
000001101001000
000001101000110
000001101000100
000001101000010
000001101000000
000001100111110
000001100111100
000001100111010
000001100111000
000001100110110
000001100110100
000001100110010
000001100110000
000001100101110
000001100101100
000001100101010
000001100101000
000001100100110
000001100100100
000001100100010
000001100100000
000001100011110
000001100011100
000001100011010
000001100011000
000001100010110
000001100010100
000001100010010
000001100010000
000001100001110
000001100001100
000001100001010
000001100001000
000001100000110
000001100000100
000001100000010
000001100000000
000001011111110
000001011111100
000001011111010
000001011111000
000001011110110
000001011110100
000001011110010
000001011110000
000001011101110
000001011101100
000001011101010
000001011101000
000001011100110
000001011100100
000001011100010
000001011100000
000001011011110
000001011011100
000001011011010
000001011011000
000001011010110
000001011010100
000001011010010
000001011010000
000001011001110
000001011001100
000001011001010
000001011001000
000001011000110
000001011000100
000001011000010
000001011000000
000001010111110
000001010111100
000001010111010
000001010111000
000001010110110
000001010110100
000001010110010
000001010110000
000001010101110
000001010101100
000001010101010
000001010101000
000001010100110
000001010100100
000001010100010
000001010100000
000001010011110
000001010011100
000001010011010
000001010011000
000001010010110
000001010010100
000001010010010
000001010010000
000001010001110
000001010001100
000001010001010
000001010001000
000001010000110
000001010000100
000001010000010
000001010000000
000001001111110
000001001111100
000001001111010
000001001111000
000001001110110
000001001110100
000001001110010
000001001110000
000001001101110
000001001101100
000001001101010
000001001101000
000001001100110
000001001100100
000001001100010
000001001100000
000001001011110
000001001011100
000001001011010
000001001011000
000001001010110
000001001010100
000001001010010
000001001010000
000001001001110
000001001001100
000001001001010
000001001001000
000001001000110
000001001000100
000001001000010
000001001000000
000001000111110
000001000111100
000001000111010
000001000111000
000001000110110
000001000110100
000001000110010
000001000110000
000001000101110
000001000101100
000001000101010
000001000101000
000001000100110
000001000100100
000001000100010
000001000100000
000001000011110
000001000011100
000001000011010
000001000011000
000001000010110
000001000010100
000001000010010
000001000010000
000001000001110
000001000001100
000001000001010
000001000001000
000001000000110
000001000000100
000001000000010
000001000000000
000000111111110
000000111111100
000000111111010
000000111111000
000000111110110
000000111110100
000000111110010
000000111110000
000000111101110
000000111101100
000000111101010
000000111101000
000000111100110
000000111100100
000000111100010
000000111100000
000000111011110
000000111011100
000000111011010
000000111011000
000000111010110
000000111010100
000000111010010
000000111010000
000000111001110
000000111001100
000000111001010
000000111001000
000000111000110
000000111000100
000000111000010
000000111000000
000000110111110
000000110111100
000000110111010
000000110111000
000000110110110
000000110110100
000000110110010
000000110110000
000000110101110
000000110101100
000000110101010
000000110101000
000000110100110
000000110100100
000000110100010
000000110100000
000000110011110
000000110011100
000000110011010
000000110011000
000000110010110
000000110010100
000000110010010
000000110010000
000000110001110
000000110001100
000000110001010
000000110001000
000000110000110
000000110000100
000000110000010
000000110000000
000000101111110
000000101111100
000000101111010
000000101111000
000000101110110
000000101110100
000000101110010
000000101110000
000000101101110
000000101101100
000000101101010
000000101101000
000000101100110
000000101100100
000000101100010
000000101100000
000000101011110
000000101011100
000000101011010
000000101011000
000000101010110
000000101010100
000000101010010
000000101010000
000000101001110
000000101001100
000000101001010
000000101001000
000000101000110
000000101000100
000000101000010
000000101000000
000000100111110
000000100111100
000000100111010
000000100111000
000000100110110
000000100110100
000000100110010
000000100110000
000000100101110
000000100101100
000000100101010
000000100101000
000000100100110
000000100100100
000000100100010
000000100100000
000000100011110
000000100011100
000000100011010
000000100011000
000000100010110
000000100010100
000000100010010
000000100010000
000000100001110
000000100001100
000000100001010
000000100001000
000000100000110
000000100000100
000000100000010
000000100000000
000000011111110
000000011111100
000000011111010
000000011111000
000000011110110
000000011110100
000000011110010
000000011110000
000000011101110
000000011101100
000000011101010
000000011101000
000000011100110
000000011100100
000000011100010
000000011100000
000000011011110
000000011011100
000000011011010
000000011011000
000000011010110
000000011010100
000000011010010
000000011010000
000000011001110
000000011001100
000000011001010
000000011001000
000000011000110
000000011000100
000000011000010
000000011000000
000000010111110
000000010111100
000000010111010
000000010111000
000000010110110
000000010110100
000000010110010
000000010110000
000000010101110
000000010101100
000000010101010
000000010101000
000000010100110
000000010100100
000000010100010
000000010100000
000000010011110
000000010011100
000000010011010
000000010011000
000000010010110
000000010010100
000000010010010
000000010010000
000000010001110
000000010001100
000000010001010
000000010001000
000000010000110
000000010000100
000000010000010
000000010000000
000000001111110
000000001111100
000000001111010
000000001111000
000000001110110
000000001110100
000000001110010
000000001110000
000000001101110
000000001101100
000000001101010
000000001101000
000000001100110
000000001100100
000000001100010
000000001100000
000000001011110
000000001011100
000000001011010
000000001011000
000000001010110
000000001010100
000000001010010
000000001010000
000000001001110
000000001001100
000000001001010
000000001001000
000000001000110
000000001000100
000000001000010
000000001000000
000000000111110
000000000111100
000000000111010
000000000111000
000000000110110
000000000110100
000000000110010
000000000110000
000000000101110
000000000101100
000000000101010
000000000101000
000000000100110
000000000100100
000000000100010
000000000100000
000000000011110
000000000011100
000000000011010
000000000011000
000000000010110
000000000010100
000000000010010
000000000010000
000000000001110
000000000001100
000000000001010
000000000001000
000000000000110
000000000000100
000000000000010
000000000000000
111111111111110
111111111111100
111111111111010
111111111111000
111111111110110
111111111110100
111111111110010
111111111110000
111111111101110
111111111101100
111111111101010
111111111101000
111111111100110
111111111100100
111111111100010
111111111100000
111111111011110
111111111011100
111111111011010
111111111011000
111111111010110
111111111010100
111111111010010
111111111010000
111111111001110
111111111001100
111111111001010
111111111001000
111111111000110
111111111000100
111111111000010
111111111000000
111111110111110
111111110111100
111111110111010
111111110111000
111111110110110
111111110110100
111111110110010
111111110110000
111111110101110
111111110101100
111111110101010
111111110101000
111111110100110
111111110100100
111111110100010
111111110100000
111111110011110
111111110011100
111111110011010
111111110011000
111111110010110
111111110010100
111111110010010
111111110010000
111111110001110
111111110001100
111111110001010
111111110001000
111111110000110
111111110000100
111111110000010
111111110000000
111111101111110
111111101111100
111111101111010
111111101111000
111111101110110
111111101110100
111111101110010
111111101110000
111111101101110
111111101101100
111111101101010
111111101101000
111111101100110
111111101100100
111111101100010
111111101100000
111111101011110
111111101011100
111111101011010
111111101011000
111111101010110
111111101010100
111111101010010
111111101010000
111111101001110
111111101001100
111111101001010
111111101001000
111111101000110
111111101000100
111111101000010
111111101000000
111111100111110
111111100111100
111111100111010
111111100111000
111111100110110
111111100110100
111111100110010
111111100110000
111111100101110
111111100101100
111111100101010
111111100101000
111111100100110
111111100100100
111111100100010
111111100100000
111111100011110
111111100011100
111111100011010
111111100011000
111111100010110
111111100010100
111111100010010
111111100010000
111111100001110
111111100001100
111111100001010
111111100001000
111111100000110
111111100000100
111111100000010
111111100000000
111111011111110
111111011111100
111111011111010
111111011111000
111111011110110
111111011110100
111111011110010
111111011110000
111111011101110
111111011101100
111111011101010
111111011101000
111111011100110
111111011100100
111111011100010
111111011100000
111111011011110
111111011011100
111111011011010
111111011011000
111111011010110
111111011010100
111111011010010
111111011010000
111111011001110
111111011001100
111111011001010
111111011001000
111111011000110
111111011000100
111111011000010
111111011000000
111111010111110
111111010111100
111111010111010
111111010111000
111111010110110
111111010110100
111111010110010
111111010110000
111111010101110
111111010101100
111111010101010
111111010101000
111111010100110
111111010100100
111111010100010
111111010100000
111111010011110
111111010011100
111111010011010
111111010011000
111111010010110
111111010010100
111111010010010
111111010010000
111111010001110
111111010001100
111111010001010
111111010001000
111111010000110
111111010000100
111111010000010
111111010000000
111111001111110
111111001111100
111111001111010
111111001111000
111111001110110
111111001110100
111111001110010
111111001110000
111111001101110
111111001101100
111111001101010
111111001101000
111111001100110
111111001100100
111111001100010
111111001100000
111111001011110
111111001011100
111111001011010
111111001011000
111111001010110
111111001010100
111111001010010
111111001010000
111111001001110
111111001001100
111111001001010
111111001001000
111111001000110
111111001000100
111111001000010
111111001000000
111111000111110
111111000111100
111111000111010
111111000111000
111111000110110
111111000110100
111111000110010
111111000110000
111111000101110
111111000101100
111111000101010
111111000101000
111111000100110
111111000100100
111111000100010
111111000100000
111111000011110
111111000011100
111111000011010
111111000011000
111111000010110
111111000010100
111111000010010
111111000010000
111111000001110
111111000001100
111111000001010
111111000001000
111111000000110
111111000000100
111111000000010
111011000000000
111011000000010
111011000000100
111011000000110
111011000001000
111011000001010
111011000001100
111011000001110
111011000010000
111011000010010
111011000010100
111011000010110
111011000011000
111011000011010
111011000011100
111011000011110
111011000100000
111011000100010
111011000100100
111011000100110
111011000101000
111011000101010
111011000101100
111011000101110
111011000110000
111011000110010
111011000110100
111011000110110
111011000111000
111011000111010
111011000111100
111011000111110
111011001000000
111011001000010
111011001000100
111011001000110
111011001001000
111011001001010
111011001001100
111011001001110
111011001010000
111011001010010
111011001010100
111011001010110
111011001011000
111011001011010
111011001011100
111011001011110
111011001100000
111011001100010
111011001100100
111011001100110
111011001101000
111011001101010
111011001101100
111011001101110
111011001110000
111011001110010
111011001110100
111011001110110
111011001111000
111011001111010
111011001111100
111011001111110
111011010000000
111011010000010
111011010000100
111011010000110
111011010001000
111011010001010
111011010001100
111011010001110
111011010010000
111011010010010
111011010010100
111011010010110
111011010011000
111011010011010
111011010011100
111011010011110
111011010100000
111011010100010
111011010100100
111011010100110
111011010101000
111011010101010
111011010101100
111011010101110
111011010110000
111011010110010
111011010110100
111011010110110
111011010111000
111011010111010
111011010111100
111011010111110
111011011000000
111011011000010
111011011000100
111011011000110
111011011001000
111011011001010
111011011001100
111011011001110
111011011010000
111011011010010
111011011010100
111011011010110
111011011011000
111011011011010
111011011011100
111011011011110
111011011100000
111011011100010
111011011100100
111011011100110
111011011101000
111011011101010
111011011101100
111011011101110
111011011110000
111011011110010
111011011110100
111011011110110
111011011111000
111011011111010
111011011111100
111011011111110
111011100000000
111011100000010
111011100000100
111011100000110
111011100001000
111011100001010
111011100001100
111011100001110
111011100010000
111011100010010
111011100010100
111011100010110
111011100011000
111011100011010
111011100011100
111011100011110
111011100100000
111011100100010
111011100100100
111011100100110
111011100101000
111011100101010
111011100101100
111011100101110
111011100110000
111011100110010
111011100110100
111011100110110
111011100111000
111011100111010
111011100111100
111011100111110
111011101000000
111011101000010
111011101000100
111011101000110
111011101001000
111011101001010
111011101001100
111011101001110
111011101010000
111011101010010
111011101010100
111011101010110
111011101011000
111011101011010
111011101011100
111011101011110
111011101100000
111011101100010
111011101100100
111011101100110
111011101101000
111011101101010
111011101101100
111011101101110
111011101110000
111011101110010
111011101110100
111011101110110
111011101111000
111011101111010
111011101111100
111011101111110
111011110000000
111011110000010
111011110000100
111011110000110
111011110001000
111011110001010
111011110001100
111011110001110
111011110010000
111011110010010
111011110010100
111011110010110
111011110011000
111011110011010
111011110011100
111011110011110
111011110100000
111011110100010
111011110100100
111011110100110
111011110101000
111011110101010
111011110101100
111011110101110
111011110110000
111011110110010
111011110110100
111011110110110
111011110111000
111011110111010
111011110111100
111011110111110
111011111000000
111011111000010
111011111000100
111011111000110
111011111001000
111011111001010
111011111001100
111011111001110
111011111010000
111011111010010
111011111010100
111011111010110
111011111011000
111011111011010
111011111011100
111011111011110
111011111100000
111011111100010
111011111100100
111011111100110
111011111101000
111011111101010
111011111101100
111011111101110
111011111110000
111011111110010
111011111110100
111011111110110
111011111111000
111011111111010
111011111111100
111011111111110
111100000000000
111100000000010
111100000000100
111100000000110
111100000001000
111100000001010
111100000001100
111100000001110
111100000010000
111100000010010
111100000010100
111100000010110
111100000011000
111100000011010
111100000011100
111100000011110
111100000100000
111100000100010
111100000100100
111100000100110
111100000101000
111100000101010
111100000101100
111100000101110
111100000110000
111100000110010
111100000110100
111100000110110
111100000111000
111100000111010
111100000111100
111100000111110
111100001000000
111100001000010
111100001000100
111100001000110
111100001001000
111100001001010
111100001001100
111100001001110
111100001010000
111100001010010
111100001010100
111100001010110
111100001011000
111100001011010
111100001011100
111100001011110
111100001100000
111100001100010
111100001100100
111100001100110
111100001101000
111100001101010
111100001101100
111100001101110
111100001110000
111100001110010
111100001110100
111100001110110
111100001111000
111100001111010
111100001111100
111100001111110
111100010000000
111100010000010
111100010000100
111100010000110
111100010001000
111100010001010
111100010001100
111100010001110
111100010010000
111100010010010
111100010010100
111100010010110
111100010011000
111100010011010
111100010011100
111100010011110
111100010100000
111100010100010
111100010100100
111100010100110
111100010101000
111100010101010
111100010101100
111100010101110
111100010110000
111100010110010
111100010110100
111100010110110
111100010111000
111100010111010
111100010111100
111100010111110
111100011000000
111100011000010
111100011000100
111100011000110
111100011001000
111100011001010
111100011001100
111100011001110
111100011010000
111100011010010
111100011010100
111100011010110
111100011011000
111100011011010
111100011011100
111100011011110
111100011100000
111100011100010
111100011100100
111100011100110
111100011101000
111100011101010
111100011101100
111100011101110
111100011110000
111100011110010
111100011110100
111100011110110
111100011111000
111100011111010
111100011111100
111100011111110
111100100000000
111100100000010
111100100000100
111100100000110
111100100001000
111100100001010
111100100001100
111100100001110
111100100010000
111100100010010
111100100010100
111100100010110
111100100011000
111100100011010
111100100011100
111100100011110
111100100100000
111100100100010
111100100100100
111100100100110
111100100101000
111100100101010
111100100101100
111100100101110
111100100110000
111100100110010
111100100110100
111100100110110
111100100111000
111100100111010
111100100111100
111100100111110
111100101000000
111100101000010
111100101000100
111100101000110
111100101001000
111100101001010
111100101001100
111100101001110
111100101010000
111100101010010
111100101010100
111100101010110
111100101011000
111100101011010
111100101011100
111100101011110
111100101100000
111100101100010
111100101100100
111100101100110
111100101101000
111100101101010
111100101101100
111100101101110
111100101110000
111100101110010
111100101110100
111100101110110
111100101111000
111100101111010
111100101111100
111100101111110
111100110000000
111100110000010
111100110000100
111100110000110
111100110001000
111100110001010
111100110001100
111100110001110
111100110010000
111100110010010
111100110010100
111100110010110
111100110011000
111100110011010
111100110011100
111100110011110
111100110100000
111100110100010
111100110100100
111100110100110
111100110101000
111100110101010
111100110101100
111100110101110
111100110110000
111100110110010
111100110110100
111100110110110
111100110111000
111100110111010
111100110111100
111100110111110
111100111000000
111100111000010
111100111000100
111100111000110
111100111001000
111100111001010
111100111001100
111100111001110
111100111010000
111100111010010
111100111010100
111100111010110
111100111011000
111100111011010
111100111011100
111100111011110
111100111100000
111100111100010
111100111100100
111100111100110
111100111101000
111100111101010
111100111101100
111100111101110
111100111110000
111100111110010
111100111110100
111100111110110
111100111111000
111100111111010
111100111111100
111100111111110
111101000000000
111101000000010
111101000000100
111101000000110
111101000001000
111101000001010
111101000001100
111101000001110
111101000010000
111101000010010
111101000010100
111101000010110
111101000011000
111101000011010
111101000011100
111101000011110
111101000100000
111101000100010
111101000100100
111101000100110
111101000101000
111101000101010
111101000101100
111101000101110
111101000110000
111101000110010
111101000110100
111101000110110
111101000111000
111101000111010
111101000111100
111101000111110
111101001000000
111101001000010
111101001000100
111101001000110
111101001001000
111101001001010
111101001001100
111101001001110
111101001010000
111101001010010
111101001010100
111101001010110
111101001011000
111101001011010
111101001011100
111101001011110
111101001100000
111101001100010
111101001100100
111101001100110
111101001101000
111101001101010
111101001101100
111101001101110
111101001110000
111101001110010
111101001110100
111101001110110
111101001111000
111101001111010
111101001111100
111101001111110
111101010000000
111101010000010
111101010000100
111101010000110
111101010001000
111101010001010
111101010001100
111101010001110
111101010010000
111101010010010
111101010010100
111101010010110
111101010011000
111101010011010
111101010011100
111101010011110
111101010100000
111101010100010
111101010100100
111101010100110
111101010101000
111101010101010
111101010101100
111101010101110
111101010110000
111101010110010
111101010110100
111101010110110
111101010111000
111101010111010
111101010111100
111101010111110
111101011000000
111101011000010
111101011000100
111101011000110
111101011001000
111101011001010
111101011001100
111101011001110
111101011010000
111101011010010
111101011010100
111101011010110
111101011011000
111101011011010
111101011011100
111101011011110
111101011100000
111101011100010
111101011100100
111101011100110
111101011101000
111101011101010
111101011101100
111101011101110
111101011110000
111101011110010
111101011110100
111101011110110
111101011111000
111101011111010
111101011111100
111101011111110
111101100000000
111101100000010
111101100000100
111101100000110
111101100001000
111101100001010
111101100001100
111101100001110
111101100010000
111101100010010
111101100010100
111101100010110
111101100011000
111101100011010
111101100011100
111101100011110
111101100100000
111101100100010
111101100100100
111101100100110
111101100101000
111101100101010
111101100101100
111101100101110
111101100110000
111101100110010
111101100110100
111101100110110
111101100111000
111101100111010
111101100111100
111101100111110
111101101000000
111101101000010
111101101000100
111101101000110
111101101001000
111101101001010
111101101001100
111101101001110
111101101010000
111101101010010
111101101010100
111101101010110
111101101011000
111101101011010
111101101011100
111101101011110
111101101100000
111101101100010
111101101100100
111101101100110
111101101101000
111101101101010
111101101101100
111101101101110
111101101110000
111101101110010
111101101110100
111101101110110
111101101111000
111101101111010
111101101111100
111101101111110
111101110000000
111101110000010
111101110000100
111101110000110
111101110001000
111101110001010
111101110001100
111101110001110
111101110010000
111101110010010
111101110010100
111101110010110
111101110011000
111101110011010
111101110011100
111101110011110
111101110100000
111101110100010
111101110100100
111101110100110
111101110101000
111101110101010
111101110101100
111101110101110
111101110110000
111101110110010
111101110110100
111101110110110
111101110111000
111101110111010
111101110111100
111101110111110
111101111000000
111101111000010
111101111000100
111101111000110
111101111001000
111101111001010
111101111001100
111101111001110
111101111010000
111101111010010
111101111010100
111101111010110
111101111011000
111101111011010
111101111011100
111101111011110
111101111100000
111101111100010
111101111100100
111101111100110
111101111101000
111101111101010
111101111101100
111101111101110
111101111110000
111101111110010
111101111110100
111101111110110
111101111111000
111101111111010
111101111111100
111101111111110
111110000000000
111110000000010
111110000000100
111110000000110
111110000001000
111110000001010
111110000001100
111110000001110
111110000010000
111110000010010
111110000010100
111110000010110
111110000011000
111110000011010
111110000011100
111110000011110
111110000100000
111110000100010
111110000100100
111110000100110
111110000101000
111110000101010
111110000101100
111110000101110
111110000110000
111110000110010
111110000110100
111110000110110
111110000111000
111110000111010
111110000111100
111110000111110
111110001000000
111110001000010
111110001000100
111110001000110
111110001001000
111110001001010
111110001001100
111110001001110
111110001010000
111110001010010
111110001010100
111110001010110
111110001011000
111110001011010
111110001011100
111110001011110
111110001100000
111110001100010
111110001100100
111110001100110
111110001101000
111110001101010
111110001101100
111110001101110
111110001110000
111110001110010
111110001110100
111110001110110
111110001111000
111110001111010
111110001111100
111110001111110
111110010000000
111110010000010
111110010000100
111110010000110
111110010001000
111110010001010
111110010001100
111110010001110
111110010010000
111110010010010
111110010010100
111110010010110
111110010011000
111110010011010
111110010011100
111110010011110
111110010100000
111110010100010
111110010100100
111110010100110
111110010101000
111110010101010
111110010101100
111110010101110
111110010110000
111110010110010
111110010110100
111110010110110
111110010111000
111110010111010
111110010111100
111110010111110
111110011000000
111110011000010
111110011000100
111110011000110
111110011001000
111110011001010
111110011001100
111110011001110
111110011010000
111110011010010
111110011010100
111110011010110
111110011011000
111110011011010
111110011011100
111110011011110
111110011100000
111110011100010
111110011100100
111110011100110
111110011101000
111110011101010
111110011101100
111110011101110
111110011110000
111110011110010
111110011110100
111110011110110
111110011111000
111110011111010
111110011111100
111110011111110
111110100000000
111110100000010
111110100000100
111110100000110
111110100001000
111110100001010
111110100001100
111110100001110
111110100010000
111110100010010
111110100010100
111110100010110
111110100011000
111110100011010
111110100011100
111110100011110
111110100100000
111110100100010
111110100100100
111110100100110
111110100101000
111110100101010
111110100101100
111110100101110
111110100110000
111110100110010
111110100110100
111110100110110
111110100111000
111110100111010
111110100111100
111110100111110
111110101000000
111110101000010
111110101000100
111110101000110
111110101001000
111110101001010
111110101001100
111110101001110
111110101010000
111110101010010
111110101010100
111110101010110
111110101011000
111110101011010
111110101011100
111110101011110
111110101100000
111110101100010
111110101100100
111110101100110
111110101101000
111110101101010
111110101101100
111110101101110
111110101110000
111110101110010
111110101110100
111110101110110
111110101111000
111110101111010
111110101111100
111110101111110
111110110000000
111110110000010
111110110000100
111110110000110
111110110001000
111110110001010
111110110001100
111110110001110
111110110010000
111110110010010
111110110010100
111110110010110
111110110011000
111110110011010
111110110011100
111110110011110
111110110100000
111110110100010
111110110100100
111110110100110
111110110101000
111110110101010
111110110101100
111110110101110
111110110110000
111110110110010
111110110110100
111110110110110
111110110111000
111110110111010
111110110111100
111110110111110
111110111000000
111110111000010
111110111000100
111110111000110
111110111001000
111110111001010
111110111001100
111110111001110
111110111010000
111110111010010
111110111010100
111110111010110
111110111011000
111110111011010
111110111011100
111110111011110
111110111100000
111110111100010
111110111100100
111110111100110
111110111101000
111110111101010
111110111101100
111110111101110
111110111110000
111110111110010
111110111110100
111110111110110
111110111111000
111110111111010
111110111111100
111110111111110
111111000000000
111111000000010
111111000000100
111111000000110
111111000001000
111111000001010
111111000001100
111111000001110
111111000010000
111111000010010
111111000010100
111111000010110
111111000011000
111111000011010
111111000011100
111111000011110
111111000100000
111111000100010
111111000100100
111111000100110
111111000101000
111111000101010
111111000101100
111111000101110
111111000110000
111111000110010
111111000110100
111111000110110
111111000111000
111111000111010
111111000111100
111111000111110
111111001000000
111111001000010
111111001000100
111111001000110
111111001001000
111111001001010
111111001001100
111111001001110
111111001010000
111111001010010
111111001010100
111111001010110
111111001011000
111111001011010
111111001011100
111111001011110
111111001100000
111111001100010
111111001100100
111111001100110
111111001101000
111111001101010
111111001101100
111111001101110
111111001110000
111111001110010
111111001110100
111111001110110
111111001111000
111111001111010
111111001111100
111111001111110
111111010000000
111111010000010
111111010000100
111111010000110
111111010001000
111111010001010
111111010001100
111111010001110
111111010010000
111111010010010
111111010010100
111111010010110
111111010011000
111111010011010
111111010011100
111111010011110
111111010100000
111111010100010
111111010100100
111111010100110
111111010101000
111111010101010
111111010101100
111111010101110
111111010110000
111111010110010
111111010110100
111111010110110
111111010111000
111111010111010
111111010111100
111111010111110
111111011000000
111111011000010
111111011000100
111111011000110
111111011001000
111111011001010
111111011001100
111111011001110
111111011010000
111111011010010
111111011010100
111111011010110
111111011011000
111111011011010
111111011011100
111111011011110
111111011100000
111111011100010
111111011100100
111111011100110
111111011101000
111111011101010
111111011101100
111111011101110
111111011110000
111111011110010
111111011110100
111111011110110
111111011111000
111111011111010
111111011111100
111111011111110
111111100000000
111111100000010
111111100000100
111111100000110
111111100001000
111111100001010
111111100001100
111111100001110
111111100010000
111111100010010
111111100010100
111111100010110
111111100011000
111111100011010
111111100011100
111111100011110
111111100100000
111111100100010
111111100100100
111111100100110
111111100101000
111111100101010
111111100101100
111111100101110
111111100110000
111111100110010
111111100110100
111111100110110
111111100111000
111111100111010
111111100111100
111111100111110
111111101000000
111111101000010
111111101000100
111111101000110
111111101001000
111111101001010
111111101001100
111111101001110
111111101010000
111111101010010
111111101010100
111111101010110
111111101011000
111111101011010
111111101011100
111111101011110
111111101100000
111111101100010
111111101100100
111111101100110
111111101101000
111111101101010
111111101101100
111111101101110
111111101110000
111111101110010
111111101110100
111111101110110
111111101111000
111111101111010
111111101111100
111111101111110
111111110000000
111111110000010
111111110000100
111111110000110
111111110001000
111111110001010
111111110001100
111111110001110
111111110010000
111111110010010
111111110010100
111111110010110
111111110011000
111111110011010
111111110011100
111111110011110
111111110100000
111111110100010
111111110100100
111111110100110
111111110101000
111111110101010
111111110101100
111111110101110
111111110110000
111111110110010
111111110110100
111111110110110
111111110111000
111111110111010
111111110111100
111111110111110
111111111000000
111111111000010
111111111000100
111111111000110
111111111001000
111111111001010
111111111001100
111111111001110
111111111010000
111111111010010
111111111010100
111111111010110
111111111011000
111111111011010
111111111011100
111111111011110
111111111100000
111111111100010
111111111100100
111111111100110
111111111101000
111111111101010
111111111101100
111111111101110
111111111110000
111111111110010
111111111110100
111111111110110
111111111111000
111111111111010
111111111111100
111111111111110
000000000000000
000000000000010
000000000000100
000000000000110
000000000001000
000000000001010
000000000001100
000000000001110
000000000010000
000000000010010
000000000010100
000000000010110
000000000011000
000000000011010
000000000011100
000000000011110
000000000100000
000000000100010
000000000100100
000000000100110
000000000101000
000000000101010
000000000101100
000000000101110
000000000110000
000000000110010
000000000110100
000000000110110
000000000111000
000000000111010
000000000111100
000000000111110
000000001000000
000000001000010
000000001000100
000000001000110
000000001001000
000000001001010
000000001001100
000000001001110
000000001010000
000000001010010
000000001010100
000000001010110
000000001011000
000000001011010
000000001011100
000000001011110
000000001100000
000000001100010
000000001100100
000000001100110
000000001101000
000000001101010
000000001101100
000000001101110
000000001110000
000000001110010
000000001110100
000000001110110
000000001111000
000000001111010
000000001111100
000000001111110
000000010000000
000000010000010
000000010000100
000000010000110
000000010001000
000000010001010
000000010001100
000000010001110
000000010010000
000000010010010
000000010010100
000000010010110
000000010011000
000000010011010
000000010011100
000000010011110
000000010100000
000000010100010
000000010100100
000000010100110
000000010101000
000000010101010
000000010101100
000000010101110
000000010110000
000000010110010
000000010110100
000000010110110
000000010111000
000000010111010
000000010111100
000000010111110
000000011000000
000000011000010
000000011000100
000000011000110
000000011001000
000000011001010
000000011001100
000000011001110
000000011010000
000000011010010
000000011010100
000000011010110
000000011011000
000000011011010
000000011011100
000000011011110
000000011100000
000000011100010
000000011100100
000000011100110
000000011101000
000000011101010
000000011101100
000000011101110
000000011110000
000000011110010
000000011110100
000000011110110
000000011111000
000000011111010
000000011111100
000000011111110
000000100000000
000000100000010
000000100000100
000000100000110
000000100001000
000000100001010
000000100001100
000000100001110
000000100010000
000000100010010
000000100010100
000000100010110
000000100011000
000000100011010
000000100011100
000000100011110
000000100100000
000000100100010
000000100100100
000000100100110
000000100101000
000000100101010
000000100101100
000000100101110
000000100110000
000000100110010
000000100110100
000000100110110
000000100111000
000000100111010
000000100111100
000000100111110
000000101000000
000000101000010
000000101000100
000000101000110
000000101001000
000000101001010
000000101001100
000000101001110
000000101010000
000000101010010
000000101010100
000000101010110
000000101011000
000000101011010
000000101011100
000000101011110
000000101100000
000000101100010
000000101100100
000000101100110
000000101101000
000000101101010
000000101101100
000000101101110
000000101110000
000000101110010
000000101110100
000000101110110
000000101111000
000000101111010
000000101111100
000000101111110
000000110000000
000000110000010
000000110000100
000000110000110
000000110001000
000000110001010
000000110001100
000000110001110
000000110010000
000000110010010
000000110010100
000000110010110
000000110011000
000000110011010
000000110011100
000000110011110
000000110100000
000000110100010
000000110100100
000000110100110
000000110101000
000000110101010
000000110101100
000000110101110
000000110110000
000000110110010
000000110110100
000000110110110
000000110111000
000000110111010
000000110111100
000000110111110
000000111000000
000000111000010
000000111000100
000000111000110
000000111001000
000000111001010
000000111001100
000000111001110
000000111010000
000000111010010
000000111010100
000000111010110
000000111011000
000000111011010
000000111011100
000000111011110
000000111100000
000000111100010
000000111100100
000000111100110
000000111101000
000000111101010
000000111101100
000000111101110
000000111110000
000000111110010
000000111110100
000000111110110
000000111111000
000000111111010
000000111111100
000000111111110
