[[ 9.992676 ]
 [12.079102 ]
 [ 1.2202148]
 [-7.177246 ]]
[[ 9.484863 ]
 [11.473633 ]
 [ 1.1538086]
 [-6.815918 ]]
[[ 8.980957 ]
 [10.87207  ]
 [ 1.0913086]
 [-6.4506836]]
[[ 8.480957 ]
 [10.274414 ]
 [ 1.0327148]
 [-6.081543 ]]
[[ 7.961426  ]
 [ 9.657227  ]
 [ 0.95458984]
 [-5.7319336 ]]
[[ 7.4536133]
 [ 9.051758 ]
 [ 0.8881836]
 [-5.3706055]]
[[ 6.949707 ]
 [ 8.450195 ]
 [ 0.8256836]
 [-5.005371 ]]
[[ 6.449707  ]
 [ 7.852539  ]
 [ 0.76708984]
 [-4.6362305 ]]
[[ 5.930176  ]
 [ 7.2353516 ]
 [ 0.68896484]
 [-4.286621  ]]
[[ 5.4223633]
 [ 6.629883 ]
 [ 0.6225586]
 [-3.925293 ]]
[[ 4.918457 ]
 [ 6.0283203]
 [ 0.5600586]
 [-3.5600586]]
[[ 4.418457  ]
 [ 5.430664  ]
 [ 0.50146484]
 [-3.190918  ]]
[[ 3.8989258 ]
 [ 4.8134766 ]
 [ 0.42333984]
 [-2.8413086 ]]
[[ 3.3911133]
 [ 4.208008 ]
 [ 0.3569336]
 [-2.4799805]]
[[ 2.887207 ]
 [ 3.6064453]
 [ 0.2944336]
 [-2.114746 ]]
[[ 2.387207  ]
 [ 3.008789  ]
 [ 0.23583984]
 [-1.7456055 ]]
[[ 1.8676758 ]
 [ 2.3916016 ]
 [ 0.15771484]
 [-1.3959961 ]]
[[ 1.3598633 ]
 [ 1.7861328 ]
 [ 0.09130859]
 [-1.034668  ]]
[[ 0.85595703]
 [ 1.1845703 ]
 [ 0.02880859]
 [-0.6694336 ]]
[[ 0.35595703]
 [ 0.58691406]
 [-0.02978516]
 [-0.30029297]]
[[-0.16357422]
 [-0.03027344]
 [-0.10791016]
 [ 0.04931641]]
[[-0.6713867 ]
 [-0.6357422 ]
 [-0.1743164 ]
 [ 0.41064453]]
[[-1.175293 ]
 [-1.2373047]
 [-0.2368164]
 [ 0.7758789]]
[[-1.675293  ]
 [-1.8349609 ]
 [-0.29541016]
 [ 1.1450195 ]]
[[-2.1948242 ]
 [-2.4521484 ]
 [-0.37353516]
 [ 1.4946289 ]]
[[-2.7026367]
 [-3.0576172]
 [-0.4399414]
 [ 1.855957 ]]
[[-3.206543 ]
 [-3.6591797]
 [-0.5024414]
 [ 2.2211914]]
[[-3.706543  ]
 [-4.256836  ]
 [-0.56103516]
 [ 2.590332  ]]
[[-4.226074  ]
 [-4.8740234 ]
 [-0.63916016]
 [ 2.9399414 ]]
[[-4.7338867]
 [-5.479492 ]
 [-0.7055664]
 [ 3.3012695]]
[[-5.237793 ]
 [-6.0810547]
 [-0.7680664]
 [ 3.666504 ]]
[[-5.737793  ]
 [-6.678711  ]
 [-0.82666016]
 [ 4.0356445 ]]
[[-7.9692383 ]
 [-9.665039  ]
 [-0.96240234]
 [ 5.724121  ]]
[[-7.461426 ]
 [-9.05957  ]
 [-0.8959961]
 [ 5.362793 ]]
[[-6.949707 ]
 [-8.450195 ]
 [-0.8256836]
 [ 5.005371 ]]
[[-6.434082  ]
 [-7.836914  ]
 [-0.75146484]
 [ 4.6518555 ]]
[[-5.9379883 ]
 [-7.243164  ]
 [-0.69677734]
 [ 4.2788086 ]]
[[-5.430176 ]
 [-6.6376953]
 [-0.6303711]
 [ 3.9174805]]
[[-4.918457 ]
 [-6.0283203]
 [-0.5600586]
 [ 3.5600586]]
[[-4.402832  ]
 [-5.415039  ]
 [-0.48583984]
 [ 3.206543  ]]
[[-3.9067383 ]
 [-4.821289  ]
 [-0.43115234]
 [ 2.833496  ]]
[[-3.3989258]
 [-4.2158203]
 [-0.3647461]
 [ 2.472168 ]]
[[-2.887207 ]
 [-3.6064453]
 [-0.2944336]
 [ 2.114746 ]]
[[-2.371582  ]
 [-2.993164  ]
 [-0.22021484]
 [ 1.7612305 ]]
[[-1.8754883 ]
 [-2.399414  ]
 [-0.16552734]
 [ 1.3881836 ]]
[[-1.3676758 ]
 [-1.7939453 ]
 [-0.09912109]
 [ 1.0268555 ]]
[[-0.85595703]
 [-1.1845703 ]
 [-0.02880859]
 [ 0.6694336 ]]
[[-0.34033203]
 [-0.57128906]
 [ 0.04541016]
 [ 0.31591797]]
[[ 0.15576172]
 [ 0.02246094]
 [ 0.10009766]
 [-0.05712891]]
[[ 0.6635742 ]
 [ 0.6279297 ]
 [ 0.1665039 ]
 [-0.41845703]]
[[ 1.175293 ]
 [ 1.2373047]
 [ 0.2368164]
 [-0.7758789]]
[[ 1.690918  ]
 [ 1.8505859 ]
 [ 0.31103516]
 [-1.1293945 ]]
[[ 2.1870117 ]
 [ 2.444336  ]
 [ 0.36572266]
 [-1.5024414 ]]
[[ 2.6948242]
 [ 3.0498047]
 [ 0.4321289]
 [-1.8637695]]
[[ 3.206543 ]
 [ 3.6591797]
 [ 0.5024414]
 [-2.2211914]]
[[ 3.722168  ]
 [ 4.272461  ]
 [ 0.57666016]
 [-2.574707  ]]
[[ 4.2182617 ]
 [ 4.866211  ]
 [ 0.63134766]
 [-2.947754  ]]
[[ 4.726074 ]
 [ 5.4716797]
 [ 0.6977539]
 [-3.309082 ]]
[[ 5.237793 ]
 [ 6.0810547]
 [ 0.7680664]
 [-3.666504 ]]
[[ 5.753418  ]
 [ 6.694336  ]
 [ 0.84228516]
 [-4.0200195 ]]
[[ 6.2495117 ]
 [ 7.288086  ]
 [ 0.89697266]
 [-4.3930664 ]]
[[ 6.757324 ]
 [ 7.8935547]
 [ 0.9633789]
 [-4.7543945]]
[[ 7.269043 ]
 [ 8.50293  ]
 [ 1.0336914]
 [-5.1118164]]
[[ 7.784668 ]
 [ 9.116211 ]
 [ 1.1079102]
 [-5.465332 ]]
