000010100000100
000011000010010
000000010010110
111110001100010
000010011000011
000010111000100
000000010001110
111110010010000
000010010000001
000010101110111
000000010000110
111110010111111
000010001000000
000010100101001
000000001111110
111110011101110
000001111111111
000010011011011
000000001110110
111110100011101
000001110111110
000010010001101
000000001101110
111110101001011
000001101111100
000010000111111
000000001100101
111110101111010
000001100111011
000001111110001
000000001011101
111110110101001
000001011111010
000001110100011
000000001010101
111110111011000
000001010111000
000001101010101
000000001001101
111111000000110
000001001110111
000001100000111
000000001000101
111111000110101
000001000110110
000001010111001
000000000111100
111111001100100
000000111110101
000001001101011
000000000110100
111111010010011
000000110110011
000001000011101
000000000101100
111111011000001
000000101110010
000000111001111
000000000100100
111111011110000
000000100110001
000000110000001
000000000011100
111111100011111
000000011101111
000000100110011
000000000010011
111111101001110
000000010101110
000000011100101
000000000001011
111111101111100
000000001101101
000000010010111
000000000000011
111111110101011
000000000101100
000000001001001
111111111111100
111111111011010
111111111101011
111111111111100
111111111110100
000000000001000
111111110101010
111111110101110
111111111101011
000000000110111
111111101101001
111111101100000
111111111100011
000000001100101
111111100100111
111111100010010
111111111011011
000000010010100
111111011100110
111111011000100
111111111010011
000000011000011
111111010100101
111111001110110
111111111001011
000000011110010
111111001100011
111111000101000
111111111000010
000000100100000
111111000100010
111110111011010
111111110111010
000000101001111
111110111100001
111110110001100
111111110110010
000000101111110
111110110100000
111110100111110
111111110101010
000000110101101
111110101011110
111110011110001
111111110100010
000000111011011
111110100011101
111110010100011
111111110011001
000001000001010
111110000000000
111101100100011
111111110001011
000001011100110
111110001000001
111101101110001
111111110010011
000001010110111
111110010000010
111101110111111
111111110011011
000001010001001
111110011000100
111110000001101
111111110100100
000001001011010
111110100000101
111110001011011
111111110101100
000001000101011
111110101000110
111110010101001
111111110110100
000000111111100
111110110000111
111110011110111
111111110111100
000000111001110
111110111001001
111110101000101
111111111000100
000000110011111
111111000001010
111110110010011
111111111001101
000000101110000
111111001001011
111110111100001
111111111010101
000000101000001
111111010001101
111111000101111
111111111011101
000000100010011
111111011001110
111111001111101
111111111100101
000000011100100
111111100001111
111111011001011
111111111101101
000000010110101
111111101010000
111111100011001
111111111110110
000000010000110
111111110010010
111111101100111
111111111111110
000000001011000
111111111010011
111111110110101
000000000000101
000000000101001
000000000010011
000000000000010
000000000001101
111111111111011
000000001010101
000000001010000
000000000010101
111111111001100
000000010010110
000000010011110
000000000011110
111111110011101
000000011010111
000000011101100
000000000100110
111111101101111
000000100011001
000000100111010
000000000101110
111111101000000
000000101011010
000000110001000
000000000110110
111111100010001
000000110011011
000000111010110
000000000111110
111111011100010
000000111011100
000001000100100
000000001000111
111111010110100
000001000011110
000001001110010
000000001001111
111111010000101
000001001011111
000001011000000
000000001010111
111111001010110
000001010100000
000001100001110
000000001011111
111111000100111
000001011100010
000001101011100
000000001100111
111110111111001
000001100100011
000001110101010
000000001110000
111110111001010
000001101100100
000001111110111
000000001111000
111110110011011
000001110100101
000010001000101
000000010000000
111110101101100
000001111100111
000010010010011
000000010001000
111110100111110
