[[10.035739  ]
 [12.148076  ]
 [ 1.1795967 ]
 [-7.2419224 ]
 [ 9.525641  ]
 [11.538975  ]
 [ 1.1155617 ]
 [-6.8765907 ]
 [ 9.015548  ]
 [10.929872  ]
 [ 1.0515268 ]
 [-6.511259  ]
 [ 8.505452  ]
 [10.320771  ]
 [ 0.98749197]
 [-6.145928  ]
 [ 7.995357  ]
 [ 9.711669  ]
 [ 0.923457  ]
 [-5.7805963 ]
 [ 7.4852614 ]
 [ 9.102567  ]
 [ 0.8594221 ]
 [-5.4152646 ]
 [ 6.975167  ]
 [ 8.493464  ]
 [ 0.79538727]
 [-5.0499334 ]
 [ 6.465071  ]
 [ 7.8843617 ]
 [ 0.7313523 ]
 [-4.6846013 ]
 [ 5.954976  ]
 [ 7.27526   ]
 [ 0.6673173 ]
 [-4.31927   ]
 [ 5.444881  ]
 [ 6.6661577 ]
 [ 0.6032826 ]
 [-3.9539387 ]
 [ 4.9347854 ]
 [ 6.0570555 ]
 [ 0.5392475 ]
 [-3.5886073 ]
 [ 4.42469   ]
 [ 5.4479537 ]
 [ 0.47521266]
 [-3.2232757 ]
 [ 3.914595  ]
 [ 4.8388515 ]
 [ 0.41117778]
 [-2.8579443 ]
 [ 3.4044995 ]
 [ 4.229749  ]
 [ 0.3471428 ]
 [-2.4926128 ]
 [ 2.8944044 ]
 [ 3.6206467 ]
 [ 0.2831079 ]
 [-2.1272812 ]
 [ 2.3843088 ]
 [ 3.0115447 ]
 [ 0.21907297]
 [-1.7619497 ]
 [ 1.8742136 ]
 [ 2.4024427 ]
 [ 0.15503812]
 [-1.396618  ]
 [ 1.3641182 ]
 [ 1.7933406 ]
 [ 0.09100322]
 [-1.0312866 ]
 [ 0.8540229 ]
 [ 1.1842384 ]
 [ 0.02696829]
 [-0.66595507]
 [ 0.34392762]
 [ 0.57513624]
 [-0.03706661]
 [-0.30062363]
 [-0.16616766]
 [-0.03396583]
 [-0.10110153]
 [ 0.06470788]
 [-0.676263  ]
 [-0.643068  ]
 [-0.16513644]
 [ 0.43003938]
 [-1.1863582 ]
 [-1.25217   ]
 [-0.22917135]
 [ 0.7953709 ]
 [-1.6964536 ]
 [-1.8612722 ]
 [-0.29320624]
 [ 1.1607023 ]
 [-2.2065487 ]
 [-2.4703743 ]
 [-0.35724115]
 [ 1.526034  ]
 [-2.7166443 ]
 [-3.0794764 ]
 [-0.42127612]
 [ 1.8913654 ]
 [-3.2267394 ]
 [-3.6885788 ]
 [-0.48531106]
 [ 2.2566967 ]
 [-3.7368348 ]
 [-4.2976804 ]
 [-0.54934585]
 [ 2.6220284 ]
 [-4.2469296 ]
 [-4.9067826 ]
 [-0.61338073]
 [ 2.9873598 ]
 [-4.7570252 ]
 [-5.515885  ]
 [-0.6774157 ]
 [ 3.3526912 ]
 [-5.267121  ]
 [-6.1249876 ]
 [-0.74145067]
 [ 3.7180228 ]
 [-5.7772155 ]
 [-6.734089  ]
 [-0.8054855 ]
 [ 4.0833545 ]
 [-8.006452  ]
 [-9.726609  ]
 [-0.9178113 ]
 [ 5.80236   ]
 [-7.4963555 ]
 [-9.117507  ]
 [-0.85377634]
 [ 5.4370284 ]
 [-6.986261  ]
 [-8.508405  ]
 [-0.7897415 ]
 [ 5.071697  ]
 [-6.4761653 ]
 [-7.899302  ]
 [-0.7257066 ]
 [ 4.706365  ]
 [-5.96607   ]
 [-7.2902    ]
 [-0.6616715 ]
 [ 4.341034  ]
 [-5.455975  ]
 [-6.681098  ]
 [-0.5976368 ]
 [ 3.9757025 ]
 [-4.9458795 ]
 [-6.0719957 ]
 [-0.53360176]
 [ 3.610371  ]
 [-4.435784  ]
 [-5.462894  ]
 [-0.46956697]
 [ 3.2450395 ]
 [-3.925689  ]
 [-4.8537917 ]
 [-0.4055321 ]
 [ 2.879708  ]
 [-3.4155936 ]
 [-4.2446895 ]
 [-0.3414971 ]
 [ 2.5143766 ]
 [-2.9054985 ]
 [-3.6355875 ]
 [-0.2774622 ]
 [ 2.149045  ]
 [-2.395403  ]
 [-3.0264854 ]
 [-0.21342728]
 [ 1.7837137 ]
 [-1.8853077 ]
 [-2.4173834 ]
 [-0.14939243]
 [ 1.418382  ]
 [-1.3752123 ]
 [-1.8082811 ]
 [-0.08535751]
 [ 1.0530506 ]
 [-0.865117  ]
 [-1.1991789 ]
 [-0.02132259]
 [ 0.6877191 ]
 [-0.35502172]
 [-0.59007686]
 [ 0.04271232]
 [ 0.3223876 ]
 [ 0.15507357]
 [ 0.01902523]
 [ 0.10674723]
 [-0.04294388]
 [ 0.6651689 ]
 [ 0.6281274 ]
 [ 0.17078213]
 [-0.4082754 ]
 [ 1.1752641 ]
 [ 1.2372295 ]
 [ 0.23481704]
 [-0.77360684]
 [ 1.6853595 ]
 [ 1.8463317 ]
 [ 0.29885194]
 [-1.1389383 ]
 [ 2.1954546 ]
 [ 2.4554336 ]
 [ 0.36288685]
 [-1.50427   ]
 [ 2.7055502 ]
 [ 3.0645356 ]
 [ 0.4269218 ]
 [-1.8696014 ]
 [ 3.2156453 ]
 [ 3.673638  ]
 [ 0.49095675]
 [-2.234933  ]
 [ 3.7257407 ]
 [ 4.28274   ]
 [ 0.5549916 ]
 [-2.6002645 ]
 [ 4.2358356 ]
 [ 4.8918424 ]
 [ 0.6190265 ]
 [-2.965596  ]
 [ 4.745931  ]
 [ 5.5009446 ]
 [ 0.6830615 ]
 [-3.3309274 ]
 [ 5.2560267 ]
 [ 6.1100473 ]
 [ 0.7470964 ]
 [-3.696259  ]
 [ 5.7661214 ]
 [ 6.7191486 ]
 [ 0.81113124]
 [-4.0615907 ]
 [ 6.276217  ]
 [ 7.3282514 ]
 [ 0.8751662 ]
 [-4.426922  ]
 [ 6.786313  ]
 [ 7.937353  ]
 [ 0.9392011 ]
 [-4.7922535 ]
 [ 7.2964077 ]
 [ 8.546455  ]
 [ 1.003236  ]
 [-5.157585  ]
 [ 7.8065033 ]
 [ 9.155557  ]
 [ 1.0672709 ]
 [-5.5229163 ]]