000010100000000
000010011110000
000010011100000
000010011010000
000010011000000
000010010110000
000010010100000
000010010010000
000010010000000
000010001110000
000010001100000
000010001010000
000010001000000
000010000110000
000010000100000
000010000010000
000010000000000
000001111110000
000001111100000
000001111010000
000001111000000
000001110110000
000001110100000
000001110010000
000001110000000
000001101110000
000001101100000
000001101010000
000001101000000
000001100110000
000001100100000
000001100010000
000001100000000
000001011110000
000001011100000
000001011010000
000001011000000
000001010110000
000001010100000
000001010010000
000001010000000
000001001110000
000001001100000
000001001010000
000001001000000
000001000110000
000001000100000
000001000010000
000001000000000
000000111110000
000000111100000
000000111010000
000000111000000
000000110110000
000000110100000
000000110010000
000000110000000
000000101110000
000000101100000
000000101010000
000000101000000
000000100110000
000000100100000
000000100010000
000000100000000
000000011110000
000000011100000
000000011010000
000000011000000
000000010110000
000000010100000
000000010010000
000000010000000
000000001110000
000000001100000
000000001010000
000000001000000
000000000110000
000000000100000
000000000010000
000000000000000
111111111110000
111111111100000
111111111010000
111111111000000
111111110110000
111111110100000
111111110010000
111111110000000
111111101110000
111111101100000
111111101010000
111111101000000
111111100110000
111111100100000
111111100010000
111111100000000
111111011110000
111111011100000
111111011010000
111111011000000
111111010110000
111111010100000
111111010010000
111111010000000
111111001110000
111111001100000
111111001010000
111111001000000
111111000110000
111111000100000
111111000010000
111111000000000
111110111110000
111110111100000
111110111010000
111110111000000
111110110110000
111110110100000
111110110010000
111110110000000
111110101110000
111110101100000
111110101010000
111110101000000
111110100110000
111110100100000
111110100010000
111110000000000
111110000010000
111110000100000
111110000110000
111110001000000
111110001010000
111110001100000
111110001110000
111110010000000
111110010010000
111110010100000
111110010110000
111110011000000
111110011010000
111110011100000
111110011110000
111110100000000
111110100010000
111110100100000
111110100110000
111110101000000
111110101010000
111110101100000
111110101110000
111110110000000
111110110010000
111110110100000
111110110110000
111110111000000
111110111010000
111110111100000
111110111110000
111111000000000
111111000010000
111111000100000
111111000110000
111111001000000
111111001010000
111111001100000
111111001110000
111111010000000
111111010010000
111111010100000
111111010110000
111111011000000
111111011010000
111111011100000
111111011110000
111111100000000
111111100010000
111111100100000
111111100110000
111111101000000
111111101010000
111111101100000
111111101110000
111111110000000
111111110010000
111111110100000
111111110110000
111111111000000
111111111010000
111111111100000
111111111110000
000000000000000
000000000010000
000000000100000
000000000110000
000000001000000
000000001010000
000000001100000
000000001110000
000000010000000
000000010010000
000000010100000
000000010110000
000000011000000
000000011010000
000000011100000
000000011110000
000000100000000
000000100010000
000000100100000
000000100110000
000000101000000
000000101010000
000000101100000
000000101110000
000000110000000
000000110010000
000000110100000
000000110110000
000000111000000
000000111010000
000000111100000
000000111110000
000001000000000
000001000010000
000001000100000
000001000110000
000001001000000
000001001010000
000001001100000
000001001110000
000001010000000
000001010010000
000001010100000
000001010110000
000001011000000
000001011010000
000001011100000
000001011110000
000001100000000
000001100010000
000001100100000
000001100110000
000001101000000
000001101010000
000001101100000
000001101110000
000001110000000
000001110010000
000001110100000
000001110110000
000001111000000
000001111010000
000001111100000
000001111110000
