[[[[10.     9.875  9.75   9.625]
   [ 9.5    9.375  9.25   9.125]
   [ 9.     8.875  8.75   8.625]
   [ 8.5    8.375  8.25   8.125]
   [ 8.     7.875  7.75   7.625]
   [ 7.5    7.375  7.25   7.125]
   [ 7.     6.875  6.75   6.625]
   [ 6.5    6.375  6.25   6.125]]

  [[ 6.     5.875  5.75   5.625]
   [ 5.5    5.375  5.25   5.125]
   [ 5.     4.875  4.75   4.625]
   [ 4.5    4.375  4.25   4.125]
   [ 4.     3.875  3.75   3.625]
   [ 3.5    3.375  3.25   3.125]
   [ 3.     2.875  2.75   2.625]
   [ 2.5    2.375  2.25   2.125]]

  [[ 2.     1.875  1.75   1.625]
   [ 1.5    1.375  1.25   1.125]
   [ 1.     0.875  0.75   0.625]
   [ 0.5    0.375  0.25   0.125]
   [ 0.    -0.125 -0.25  -0.375]
   [-0.5   -0.625 -0.75  -0.875]
   [-1.    -1.125 -1.25  -1.375]
   [-1.5   -1.625 -1.75  -1.875]]

  [[-2.    -2.125 -2.25  -2.375]
   [-2.5   -2.625 -2.75  -2.875]
   [-3.    -3.125 -3.25  -3.375]
   [-3.5   -3.625 -3.75  -3.875]
   [-4.    -4.125 -4.25  -4.375]
   [-4.5   -4.625 -4.75  -4.875]
   [-5.    -5.125 -5.25  -5.375]
   [-5.5   -5.625 -5.75  -5.875]]

  [[-8.    -7.875 -7.75  -7.625]
   [-7.5   -7.375 -7.25  -7.125]
   [-7.    -6.875 -6.75  -6.625]
   [-6.5   -6.375 -6.25  -6.125]
   [-6.    -5.875 -5.75  -5.625]
   [-5.5   -5.375 -5.25  -5.125]
   [-5.    -4.875 -4.75  -4.625]
   [-4.5   -4.375 -4.25  -4.125]]

  [[-4.    -3.875 -3.75  -3.625]
   [-3.5   -3.375 -3.25  -3.125]
   [-3.    -2.875 -2.75  -2.625]
   [-2.5   -2.375 -2.25  -2.125]
   [-2.    -1.875 -1.75  -1.625]
   [-1.5   -1.375 -1.25  -1.125]
   [-1.    -0.875 -0.75  -0.625]
   [-0.5   -0.375 -0.25  -0.125]]

  [[ 0.     0.125  0.25   0.375]
   [ 0.5    0.625  0.75   0.875]
   [ 1.     1.125  1.25   1.375]
   [ 1.5    1.625  1.75   1.875]
   [ 2.     2.125  2.25   2.375]
   [ 2.5    2.625  2.75   2.875]
   [ 3.     3.125  3.25   3.375]
   [ 3.5    3.625  3.75   3.875]]

  [[ 4.     4.125  4.25   4.375]
   [ 4.5    4.625  4.75   4.875]
   [ 5.     5.125  5.25   5.375]
   [ 5.5    5.625  5.75   5.875]
   [ 6.     6.125  6.25   6.375]
   [ 6.5    6.625  6.75   6.875]
   [ 7.     7.125  7.25   7.375]
   [ 7.5    7.625  7.75   7.875]]]]