000010011110101
000010111111111
000000010100101
111110001100011
000010010110100
000010110110010
000000010011011
111110010010010
000010001110100
000010101100101
000000010010011
111110011000000
000010000110011
000010100011000
000000010001001
111110011101111
000001111110011
000010011001011
000000010000001
111110100011101
000001110110010
000010001111110
000000001110111
111110101001100
000001101110010
000010000110001
000000001101111
111110101111010
000001100110001
000001111100100
000000001100101
111110110101001
000001011110001
000001110010111
000000001011101
111110111010111
000001010110000
000001101001010
000000001010011
111111000000110
000001001110000
000001011111101
000000001001011
111111000110100
000001000101111
000001010110000
000000001000001
111111001100011
000000111101111
000001001100011
000000000111001
111111010010001
000000110101110
000001000010110
000000000101111
111111011000000
000000101101110
000000111001001
000000000100111
111111011101110
000000100101101
000000101111100
000000000011101
111111100011101
000000011101101
000000100101111
000000000010101
111111101001011
000000010101100
000000011100010
000000000001011
111111101111010
000000001101100
000000010010101
000000000000011
111111110101000
000000000101011
000000001001000
111111111111001
111111111010111
111111111101011
111111111111011
111111111110001
000000000000101
111111110101010
111111110101110
111111111100111
000000000110100
111111101101010
111111101100001
111111111011111
000000001100010
111111100101001
111111100010100
111111111010101
000000010010001
111111011101001
111111011000111
111111111001101
000000010111111
111111010101000
111111001111010
111111111000011
000000011101110
111111001101000
111111000101101
111111110111011
000000100011100
111111000100111
111110111100000
111111110110001
000000101001011
111110111100111
111110110010011
111111110101001
000000101111001
111110110100110
111110101000110
111111110011111
000000110101000
111110101100110
111110011111001
111111110010111
000000111010110
111110100100101
111110010101100
111111110001101
000001000000101
111110000001011
111101100110010
111111101111100
000001011100000
111110001001100
111101101111110
111111110000101
000001010110001
111110010001100
111101111001100
111111110001110
000001010000011
111110011001101
111110000011000
111111110010111
000001001010100
111110100001101
111110001100110
111111110100000
000001000100110
111110101001110
111110010110010
111111110101001
000000111110111
111110110001110
111110100000000
111111110110010
000000111001001
111110111001111
111110101001100
111111110111011
000000110011010
111111000001111
111110110011010
111111111000100
000000101101100
111111001010000
111110111100110
111111111001101
000000100111101
111111010010000
111111000110100
111111111010110
000000100001111
111111011010001
111111010000000
111111111011111
000000011100000
111111100010001
111111011001110
111111111101000
000000010110010
111111101010010
111111100011010
111111111110001
000000010000011
111111110010010
111111101101000
111111111111010
000000001010101
111111111010011
111111110110100
000000000000011
000000000100110
000000000010011
000000000000010
000000000001100
111111111111000
000000001010100
000000001001110
000000000010101
111111111001001
000000010010100
000000010011100
000000000011110
111111110011011
000000011010101
000000011101000
000000000100111
111111101101100
000000100010101
000000100110110
000000000110000
111111100111110
000000101010110
000000110000010
000000000111001
111111100001111
000000110010110
000000111010000
000000001000010
111111011100001
000000111010111
000001000011100
000000001001011
111111010110010
000001000010111
000001001101010
000000001010100
111111010000100
000001001011000
000001010110110
000000001011101
111111001010101
000001010011000
000001100000100
000000001100110
111111000100111
000001011011001
000001101010000
000000001101111
111110111111000
000001100011001
000001110011110
000000001111000
111110111001010
000001101011010
000001111101010
000000010000001
111110110011011
000001110011010
000010000111000
000000010001010
111110101101101
000001111011011
000010010000100
000000010010011
111110100111110
