[[[[ 1.
     0.9921875
     0.9921875
    ...
     0.9375
     0.9375
     0.9375   ]
   [ 0.9375
     0.9296875
     0.9296875
    ...
     0.875
     0.875
     0.875    ]
   [ 0.875
     0.8671875
     0.8671875
    ...
     0.8125
     0.8125
     0.8125   ]
   ...
   [ 0.1875
     0.1796875
     0.1796875
    ...
     0.125
     0.125
     0.125    ]
   [ 0.125
     0.1171875
     0.1171875
    ...
     0.0625
     0.0625
     0.0625   ]
   [ 0.0625
     0.0546875
     0.0546875
    ...
     0.
     0.
     0.       ]]

  [[ 0.
    -0.
    -0.
    ...
    -0.0546875
    -0.0546875
    -0.0546875]
   [-0.0625
    -0.0625
    -0.0625
    ...
    -0.1171875
    -0.1171875
    -0.1171875]
   [-0.125
    -0.125
    -0.125
    ...
    -0.1796875
    -0.1796875
    -0.1796875]
   ...
   [-0.8125
    -0.8125
    -0.8125
    ...
    -0.8671875
    -0.8671875
    -0.8671875]
   [-0.875
    -0.875
    -0.875
    ...
    -0.9296875
    -0.9296875
    -0.9296875]
   [-0.9375
    -0.9375
    -0.9375
    ...
    -0.9921875
    -0.9921875
    -0.9921875]]

  [[ 1.
     0.9921875
     0.9921875
    ...
     0.9375
     0.9375
     0.9375   ]
   [ 0.9375
     0.9296875
     0.9296875
    ...
     0.875
     0.875
     0.875    ]
   [ 0.875
     0.8671875
     0.8671875
    ...
     0.8125
     0.8125
     0.8125   ]
   ...
   [ 0.1875
     0.1796875
     0.1796875
    ...
     0.125
     0.125
     0.125    ]
   [ 0.125
     0.1171875
     0.1171875
    ...
     0.0625
     0.0625
     0.0625   ]
   [ 0.0625
     0.0546875
     0.0546875
    ...
     0.
     0.
     0.       ]]

  ...

  [[ 0.
     0.
     0.
    ...
     0.0546875
     0.0546875
     0.0546875]
   [ 0.0625
     0.0625
     0.0625
    ...
     0.1171875
     0.1171875
     0.1171875]
   [ 0.125
     0.125
     0.125
    ...
     0.1796875
     0.1796875
     0.1796875]
   ...
   [ 0.8125
     0.8125
     0.8125
    ...
     0.8671875
     0.8671875
     0.8671875]
   [ 0.875
     0.875
     0.875
    ...
     0.9296875
     0.9296875
     0.9296875]
   [ 0.9375
     0.9375
     0.9375
    ...
     0.9921875
     0.9921875
     0.9921875]]

  [[-1.
    -0.9921875
    -0.9921875
    ...
    -0.9375
    -0.9375
    -0.9375   ]
   [-0.9375
    -0.9296875
    -0.9296875
    ...
    -0.875
    -0.875
    -0.875    ]
   [-0.875
    -0.8671875
    -0.8671875
    ...
    -0.8125
    -0.8125
    -0.8125   ]
   ...
   [-0.1875
    -0.1796875
    -0.1796875
    ...
    -0.125
    -0.125
    -0.125    ]
   [-0.125
    -0.1171875
    -0.1171875
    ...
    -0.0625
    -0.0625
    -0.0625   ]
   [-0.0625
    -0.0546875
    -0.0546875
    ...
    -0.
    -0.
    -0.       ]]

  [[ 0.
     0.
     0.
    ...
     0.0546875
     0.0546875
     0.0546875]
   [ 0.0625
     0.0625
     0.0625
    ...
     0.1171875
     0.1171875
     0.1171875]
   [ 0.125
     0.125
     0.125
    ...
     0.1796875
     0.1796875
     0.1796875]
   ...
   [ 0.8125
     0.8125
     0.8125
    ...
     0.8671875
     0.8671875
     0.8671875]
   [ 0.875
     0.875
     0.875
    ...
     0.9296875
     0.9296875
     0.9296875]
   [ 0.9375
     0.9375
     0.9375
    ...
     0.9921875
     0.9921875
     0.9921875]]]]