-1.125 -1.1171875 0.0078125 4.0690104166666664e-05
1.09375 1.0625 0.03125 0.00020345052083333332
-0.6875 -0.6953125 0.0078125 0.00024414062499999997
0.5 0.4609375 0.0390625 0.0004475911458333333
0.4921875 0.4453125 0.046875 0.0006917317708333333
-0.0546875 -0.0703125 0.015625 0.0007731119791666666
1.0 0.96875 0.03125 0.0009358723958333333
-1.328125 -1.3203125 0.0078125 0.0009765624999999999
-0.015625 -0.046875 0.03125 0.0011393229166666665
-0.3671875 -0.3671875 0.0 0.0011393229166666665
0.328125 0.3203125 0.0078125 0.0011800130208333333
0.734375 0.6953125 0.0390625 0.0013834635416666665
-1.234375 -1.234375 0.0 0.0013834635416666665
1.546875 1.5 0.046875 0.0016276041666666665
-0.7109375 -0.734375 0.0234375 0.0017496744791666665
1.1484375 1.1015625 0.046875 0.0019938151041666665
0.8515625 0.796875 0.0546875 0.002278645833333333
-0.5859375 -0.5859375 0.0 0.002278645833333333
0.734375 0.71875 0.015625 0.0023600260416666665
-0.5234375 -0.53125 0.0078125 0.002400716145833333
0.4453125 0.4375 0.0078125 0.0024414062499999996
-0.640625 -0.640625 0.0 0.0024414062499999996
0.1953125 0.171875 0.0234375 0.0025634765624999996
-0.109375 -0.1484375 0.0390625 0.002766927083333333
-0.9765625 -0.9921875 0.015625 0.0028483072916666665
1.0546875 1.0078125 0.046875 0.0030924479166666665
-0.625 -0.6484375 0.0234375 0.0032145182291666665
1.171875 1.125 0.046875 0.0034586588541666665
0.7578125 0.71875 0.0390625 0.003662109375
-0.4765625 -0.4921875 0.015625 0.0037434895833333335
0.5390625 0.515625 0.0234375 0.0038655598958333335
-0.125 -0.1328125 0.0078125 0.00390625
0.1171875 0.1171875 0.0 0.00390625
-0.578125 -0.5703125 0.0078125 0.003946940104166667
0.25 0.2265625 0.0234375 0.004069010416666667
-0.0546875 -0.0859375 0.03125 0.004231770833333334
-0.59375 -0.6015625 0.0078125 0.004272460937500001
0.4296875 0.4140625 0.015625 0.004353841145833334
-0.0625 -0.09375 0.03125 0.004516601562500001
0.953125 0.9296875 0.0234375 0.004638671875000001
0.640625 0.6015625 0.0390625 0.004842122395833334
-0.3515625 -0.375 0.0234375 0.004964192708333334
0.2890625 0.28125 0.0078125 0.005004882812500001
0.3984375 0.3671875 0.03125 0.005167643229166668
0.2890625 0.296875 0.0078125 0.005208333333333335
-0.265625 -0.2578125 0.0078125 0.005249023437500002
0.0078125 0.0 0.0078125 0.005289713541666669
-0.515625 -0.5234375 0.0078125 0.005330403645833336
-0.265625 -0.3203125 0.0546875 0.005615234375000003
-0.5390625 -0.5625 0.0234375 0.005737304687500003
-0.046875 -0.109375 0.0625 0.006062825520833336
1.34375 1.296875 0.046875 0.006306966145833336
0.2578125 0.25 0.0078125 0.006347656250000003
-1.375 -1.4140625 0.0390625 0.006551106770833336
0.453125 0.4765625 0.0234375 0.006673177083333336
0.6171875 0.609375 0.0078125 0.006713867187500003
-0.5078125 -0.515625 0.0078125 0.0067545572916666696
0.0 0.0390625 0.0390625 0.006958007812500003
0.2578125 0.2421875 0.015625 0.007039388020833336
-0.9609375 -0.953125 0.0078125 0.007080078125000003
-0.890625 -0.921875 0.03125 0.0072428385416666696
-1.3203125 -1.34375 0.0234375 0.0073649088541666696
0.2578125 0.1640625 0.09375 0.00785319010416667
0.765625 0.7421875 0.0234375 0.00797526041666667
0.4609375 0.4375 0.0234375 0.00809733072916667
-1.046875 -1.09375 0.046875 0.00834147135416667
1.21875 1.1875 0.03125 0.008504231770833336
0.5703125 0.546875 0.0234375 0.008626302083333336
-0.1484375 -0.15625 0.0078125 0.008666992187500002
-0.59375 -0.5859375 0.0078125 0.008707682291666668
0.671875 0.6640625 0.0078125 0.008748372395833334
-0.046875 -0.0703125 0.0234375 0.008870442708333334
-0.3984375 -0.4375 0.0390625 0.009073893229166668
-1.3046875 -1.3203125 0.015625 0.009155273437500002
0.3828125 0.3203125 0.0625 0.009480794270833336
0.3125 0.296875 0.015625 0.00956217447916667
0.1484375 0.140625 0.0078125 0.009602864583333336
-0.6015625 -0.65625 0.0546875 0.009887695312500002
0.6640625 0.640625 0.0234375 0.010009765625000002
0.6875 0.65625 0.03125 0.010172526041666668
-0.140625 -0.1484375 0.0078125 0.010213216145833334
-0.3046875 -0.3046875 0.0 0.010213216145833334
0.484375 0.46875 0.015625 0.010294596354166668
-0.0859375 -0.1171875 0.03125 0.010457356770833334
-0.375 -0.390625 0.015625 0.010538736979166668
-0.9921875 -1.0078125 0.015625 0.010620117187500002
0.3828125 0.3515625 0.03125 0.010782877604166668
-0.078125 -0.0859375 0.0078125 0.010823567708333334
0.2421875 0.2265625 0.015625 0.010904947916666668
-0.6171875 -0.640625 0.0234375 0.011027018229166668
0.234375 0.203125 0.03125 0.011189778645833334
0.4296875 0.3984375 0.03125 0.0113525390625
-0.5859375 -0.5859375 0.0 0.0113525390625
0.2734375 0.25 0.0234375 0.011474609375
-0.078125 -0.1015625 0.0234375 0.0115966796875
0.40625 0.390625 0.015625 0.011678059895833334
1.046875 1.03125 0.015625 0.011759440104166668
-1.09375 -1.1015625 0.0078125 0.011800130208333334
0.7890625 0.7578125 0.03125 0.011962890625
-0.453125 -0.4609375 0.0078125 0.012003580729166666
-0.421875 -0.390625 0.03125 0.012166341145833332
-0.0625 -0.09375 0.03125 0.012329101562499998
-0.984375 -0.9765625 0.0078125 0.012369791666666664
1.3671875 1.3203125 0.046875 0.012613932291666664
-0.0390625 -0.046875 0.0078125 0.01265462239583333
0.3984375 0.375 0.0234375 0.01277669270833333
-0.25 -0.2734375 0.0234375 0.01289876302083333
-0.71875 -0.7109375 0.0078125 0.012939453124999997
1.1796875 1.1640625 0.015625 0.01302083333333333
-1.5 -1.515625 0.015625 0.013102213541666664
0.640625 0.609375 0.03125 0.01326497395833333
-1.2421875 -1.2421875 0.0 0.01326497395833333
-0.8125 -0.78125 0.03125 0.013427734374999997
0.5859375 0.5234375 0.0625 0.01375325520833333
-0.8359375 -0.875 0.0390625 0.013956705729166664
0.4921875 0.4375 0.0546875 0.01424153645833333
-0.59375 -0.59375 0.0 0.01424153645833333
0.765625 0.703125 0.0625 0.014567057291666664
-0.25 -0.28125 0.03125 0.01472981770833333
0.421875 0.3984375 0.0234375 0.01485188802083333
0.9921875 0.984375 0.0078125 0.014892578124999997
-0.859375 -0.8828125 0.0234375 0.015014648437499997
0.46875 0.453125 0.015625 0.01509602864583333
-1.1640625 -1.171875 0.0078125 0.015136718749999997
-0.6484375 -0.625 0.0234375 0.015258789062499997
0.7109375 0.6640625 0.046875 0.015502929687499997
-0.921875 -0.9375 0.015625 0.01558430989583333
0.21875 0.15625 0.0625 0.015909830729166664
-0.375 -0.390625 0.015625 0.015991210937499997
0.7734375 0.703125 0.0703125 0.016357421874999997
-0.3828125 -0.4140625 0.03125 0.016520182291666664
0.421875 0.3828125 0.0390625 0.016723632812499997
0.7109375 0.6796875 0.03125 0.016886393229166664
-0.4375 -0.46875 0.03125 0.017049153645833332
-0.0390625 -0.0390625 0.0 0.017049153645833332
-0.9296875 -0.953125 0.0234375 0.017171223958333332
-0.71875 -0.7109375 0.0078125 0.0172119140625
0.71875 0.6953125 0.0234375 0.017333984375
-0.5078125 -0.53125 0.0234375 0.0174560546875
-0.3515625 -0.359375 0.0078125 0.017496744791666668
-0.2421875 -0.265625 0.0234375 0.017618815104166668
0.2578125 0.2109375 0.046875 0.017862955729166668
-0.2734375 -0.3125 0.0390625 0.01806640625
0.546875 0.515625 0.03125 0.018229166666666668
0.4296875 0.4375 0.0078125 0.018269856770833336
0.203125 0.1953125 0.0078125 0.018310546875000003
-0.4921875 -0.484375 0.0078125 0.01835123697916667
-0.2109375 -0.21875 0.0078125 0.01839192708333334
0.0 -0.0078125 0.0078125 0.018432617187500007
0.75 0.734375 0.015625 0.01851399739583334
-0.8984375 -0.8984375 0.0 0.01851399739583334
0.078125 0.0546875 0.0234375 0.01863606770833334
-0.421875 -0.4296875 0.0078125 0.018676757812500007
0.3828125 0.3359375 0.046875 0.018920898437500007
-0.640625 -0.65625 0.015625 0.01900227864583334
0.9609375 0.921875 0.0390625 0.01920572916666667
0.390625 0.375 0.015625 0.019287109375000003
0.390625 0.375 0.015625 0.019368489583333336
-0.3125 -0.3125 0.0 0.019368489583333336
0.3671875 0.3203125 0.046875 0.019612630208333336
0.2578125 0.2421875 0.015625 0.019694010416666668
0.8828125 0.8359375 0.046875 0.019938151041666668
-0.9375 -0.9296875 0.0078125 0.019978841145833336
0.2578125 0.2265625 0.03125 0.020141601562500003
-0.5625 -0.5546875 0.0078125 0.02018229166666667
0.2578125 0.2265625 0.03125 0.02034505208333334
-0.3359375 -0.3671875 0.03125 0.020507812500000007
0.2421875 0.203125 0.0390625 0.02071126302083334
-0.0078125 -0.03125 0.0234375 0.02083333333333334
0.5625 0.5390625 0.0234375 0.02095540364583334
-0.3828125 -0.3984375 0.015625 0.02103678385416667
0.53125 0.484375 0.046875 0.02128092447916667
0.421875 0.3984375 0.0234375 0.02140299479166667
0.484375 0.453125 0.03125 0.02156575520833334
-0.4140625 -0.421875 0.0078125 0.021606445312500007
-0.0546875 -0.0859375 0.03125 0.021769205729166675
-0.34375 -0.3515625 0.0078125 0.021809895833333343
0.0390625 0.015625 0.0234375 0.021931966145833343
-0.2265625 -0.2578125 0.03125 0.02209472656250001
0.203125 0.171875 0.03125 0.022257486979166678
0.0 -0.0234375 0.0234375 0.022379557291666678
0.40625 0.3984375 0.0078125 0.022420247395833346
-0.15625 -0.1796875 0.0234375 0.022542317708333346
0.5703125 0.53125 0.0390625 0.022745768229166678
0.203125 0.1796875 0.0234375 0.022867838541666678
0.515625 0.4921875 0.0234375 0.022989908854166678
-0.0234375 -0.03125 0.0078125 0.023030598958333346
0.0 -0.0078125 0.0078125 0.023071289062500014
0.40625 0.40625 0.0 0.023071289062500014
-0.4140625 -0.40625 0.0078125 0.02311197916666668
0.203125 0.1875 0.015625 0.023193359375000014
-0.421875 -0.4453125 0.0234375 0.023315429687500014
