111111101110000
000000010001100
111111110101000
000000001000000
000000000111111
111111111111001
000000010000000
111111101010110
111111111111110
111111111010001
000000000101010
000000001011110
111111101100010
000000011000110
111111110100101
000000010010011
000000001101101
111111110110101
000000001011110
111111110111101
000000000111001
111111110101110
000000000011001
111111111110010
111111110000011
000000010000111
111111110110000
000000010010110
000000001100001
111111111000011
000000001000101
111111111110000
000000000001111
111111110110110
000000000100000
111111111111001
111111110110100
000000000110111
111111111111000
000000001111010
000000001010010
111111111010011
000000000100101
000000000110011
000000000100101
111111111011110
000000000000001
111111110111110
111111111011110
111111110111011
111111111111010
000000010101100
000000000100001
111111101010000
000000000111010
000000001001111
111111110111111
000000000000000
000000000100001
111111110000101
111111110001110
111111101010111
000000000100001
000000001100010
000000000111011
111111101111010
000000010011100
000000001001001
111111111101101
111111110110100
000000001010110
111111111111010
111111111001101
111111101011001
000000000110001
000000000101000
000000000010011
111111110110011
000000001010101
000000001011000
111111111101110
111111111011001
000000000111110
111111111110101
111111111010000
111111110000001
000000000110001
111111111110110
000000000011111
111111110110001
000000000011110
000000000110111
111111110110101
000000000100011
111111111110110
000000000110100
000000010000110
111111101110100
000000001100101
111111111000110
111111111001010
111111111111000
111111110000010
000000010101111
111111111111011
000000000110011
111111111100000
111111110100100
000000010010111
111111101000000
000000001010010
111111101100001
111111110011000
000000001001011
111111110010101
000000000111111
111111110110100
000000001100010
111111111100000
000000000110110
000000001111111
111111110010010
000000000111100
111111101101011
111111110101101
000000001011011
111111110001010
000000000011100
111111111010000
000000001100011
111111111001111
000000000110110
000000001011011
111111111001000
111111111111011
111111110001001
111111110100100
000000001011100
111111110111111
111111111010011
111111111100001
000000000100001
111111111011101
000000001000110
000000000110111
000000000011010
111111111000001
111111111100101
000000000000000
000000001100000
111111110001101
000000000001010
111111111001010
000000000110001
111111110101110
000000001111011
000000000110010
000000000110010
111111111011000
000000000101111
000000000100001
000000001110001
111111110001000
000000000100001
111111110111000
000000000100001
111111111010101
000000000011111
111111111111111
000000001001000
111111111001111
000000001000100
000000000110110
000000000111110
111111111001011
111111111111001
111111111010100
000000000000101
111111111100011
000000000011010
000000000000000
000000000110100
111111111101100
000000001001001
000000000011010
000000001000010
111111111111101
000000000000000
000000000110100
111111111001011
000000000011010
111111111001010
