[[-1.1276972 ]
 [ 1.0941741 ]
 [-0.6937017 ]
 [ 0.5019446 ]
 [ 0.4935219 ]
 [-0.0582073 ]
 [ 1.0075699 ]
 [-1.3288296 ]
 [-0.02055358]
 [-0.36754015]
 [ 0.32826257]
 [ 0.73921824]
 [-1.2365179 ]
 [ 1.5495296 ]
 [-0.7134647 ]
 [ 1.1543072 ]
 [ 0.8579793 ]
 [-0.5930171 ]
 [ 0.7405639 ]
 [-0.52436656]
 [ 0.4508505 ]
 [-0.6465841 ]
 [ 0.19548218]
 [-0.11593083]
 [-0.9799663 ]
 [ 1.0572424 ]
 [-0.63012624]
 [ 1.1784971 ]
 [ 0.76493204]
 [-0.48393512]
 [ 0.54035395]
 [-0.12662256]
 [ 0.12043317]
 [-0.5798332 ]
 [ 0.25058854]
 [-0.05674283]
 [-0.59698653]
 [ 0.4305279 ]
 [-0.06745747]
 [ 0.9539489 ]
 [ 0.6434639 ]
 [-0.35924137]
 [ 0.29028854]
 [ 0.4019039 ]
 [ 0.29402506]
 [-0.26800787]
 [ 0.00988031]
 [-0.51788783]
 [-0.2662999 ]
 [-0.54208326]
 [-0.04863096]
 [ 1.3467525 ]
 [ 0.2616486 ]
 [-1.380626  ]
 [ 0.45948046]
 [ 0.6222345 ]
 [-0.5107843 ]
 [-0.00476581]
 [ 0.2616279 ]
 [-0.96656036]
 [-0.89388573]
 [-1.3263028 ]
 [ 0.25904775]
 [ 0.76818246]
 [ 0.46480423]
 [-1.0502859 ]
 [ 1.2255847 ]
 [ 0.57663363]
 [-0.15431668]
 [-0.59821856]
 [ 0.6781512 ]
 [-0.04861258]
 [-0.40535206]
 [-1.3082306 ]
 [ 0.38740903]
 [ 0.31926194]
 [ 0.14925729]
 [-0.60171217]
 [ 0.6648098 ]
 [ 0.6884948 ]
 [-0.14155866]
 [-0.3062024 ]
 [ 0.48885968]
 [-0.08955447]
 [-0.37966082]
 [-0.9958815 ]
 [ 0.38587376]
 [-0.08045878]
 [ 0.24739467]
 [-0.6221064 ]
 [ 0.2369553 ]
 [ 0.43143702]
 [-0.5928539 ]
 [ 0.27848497]
 [-0.08363202]
 [ 0.41042706]
 [ 1.0517852 ]
 [-1.0940635 ]
 [ 0.792873  ]
 [-0.4594947 ]
 [-0.42668214]
 [-0.06763318]
 [-0.9858654 ]
 [ 1.3728787 ]
 [-0.04326037]
 [ 0.3989322 ]
 [-0.2552229 ]
 [-0.72258085]
 [ 1.1808065 ]
 [-1.5015615 ]
 [ 0.64095354]
 [-1.2445449 ]
 [-0.8199286 ]
 [ 0.5876814 ]
 [-0.84160143]
 [ 0.49399772]
 [-0.59450924]
 [ 0.77095443]
 [-0.25771305]
 [ 0.42818198]
 [ 0.99419963]
 [-0.8669372 ]
 [ 0.47592345]
 [-1.1708133 ]
 [-0.64864266]
 [ 0.71770877]
 [-0.92343116]
 [ 0.22058555]
 [-0.38056836]
 [ 0.7751283 ]
 [-0.3905548 ]
 [ 0.42786235]
 [ 0.711333  ]
 [-0.44176063]
 [-0.04173471]
 [-0.934007  ]
 [-0.7249847 ]
 [ 0.7195869 ]
 [-0.5089137 ]
 [-0.3548746 ]
 [-0.24600641]
 [ 0.2578764 ]
 [-0.2800051 ]
 [ 0.55010384]
 [ 0.4328412 ]
 [ 0.21004486]
 [-0.49535567]
 [-0.21489374]
 [-0.0020774 ]
 [ 0.75081396]
 [-0.8990945 ]
 [ 0.08102577]
 [-0.42501158]
 [ 0.3900478 ]
 [-0.64610714]
 [ 0.9665627 ]
 [ 0.39612266]
 [ 0.39835432]
 [-0.31983542]
 [ 0.37226707]
 [ 0.2629538 ]
 [ 0.8837898 ]
 [-0.9390493 ]
 [ 0.2617895 ]
 [-0.5669939 ]
 [ 0.25989267]
 [-0.3380365 ]
 [ 0.24318947]
 [-0.01139236]
 [ 0.56429315]
 [-0.38483953]
 [ 0.5356719 ]
 [ 0.4281316 ]
 [ 0.48540723]
 [-0.41753688]
 [-0.05517906]
 [-0.34992602]
 [ 0.04504679]
 [-0.23207623]
 [ 0.20463224]
 [ 0.0049546 ]
 [ 0.40893945]
 [-0.16245669]
 [ 0.5707964 ]
 [ 0.20326571]
 [ 0.5194562 ]
 [-0.02499633]
 [ 0.0047743 ]
 [ 0.4135381 ]
 [-0.41486037]
 [ 0.20785642]
 [-0.42794594]]