[-1.11425781
  1.08105469
 -0.68603516
  0.49902344
  0.47753906
 -0.0625
  0.99951172
 -1.31469727
 -0.02636719
 -0.36206055
  0.31787109
  0.72485352]
[-1.22265625
  1.53076172
 -0.71386719
  1.13769531
  0.83496094
 -0.58886719
  0.73779297
 -0.51635742
  0.4453125
 -0.64160156
  0.18603516
 -0.12524414]
[-0.97363281
  1.04443359
 -0.63183594
  1.16113281
  0.74707031
 -0.48339844
  0.54150391
 -0.12084961
  0.12011719
 -0.57128906
  0.24169922
 -0.0637207 ]
[-0.59179688
  0.4284668
 -0.07226562
  0.94458008
  0.6328125
 -0.35839844
  0.29101562
  0.39770508
  0.296875
 -0.26318359
  0.00732422
 -0.51708984]
[-0.2890625
 -0.53759766
 -0.06542969
  1.33007812
  0.24902344
 -1.37548828
  0.46923828
  0.62988281
 -0.5078125
  0.01147461
  0.24902344
 -0.9519043 ]
[-0.90429688
 -1.30810547
  0.24169922
  0.75756836
  0.45703125
 -1.05541992
  1.21386719
  0.5859375
 -0.14550781
 -0.58349609
  0.66943359
 -0.03857422]
[-0.41503906
 -1.29052734
  0.37353516
  0.31518555
  0.14941406
 -0.60717773
  0.65722656
  0.69140625
 -0.13378906
 -0.29638672
  0.48486328
 -0.07958984]
[-0.37890625
 -0.98364258
  0.37890625
 -0.07763672
  0.24609375
 -0.62231445
  0.22705078
  0.43139648
 -0.58300781
  0.27319336
 -0.07910156
  0.41796875]
[ 1.0390625
 -1.08251953
  0.78222656
 -0.45703125
 -0.41308594
 -0.06347656
 -0.97900391
  1.35791016
 -0.03710938
  0.39331055
 -0.24609375
 -0.70922852]
[ 1.16992188
 -1.48388672
  0.64208984
 -1.22485352
 -0.796875
  0.58227539
 -0.83984375
  0.48486328
 -0.58886719
  0.76171875
 -0.24755859
  0.43310547]
[ 0.99121094
 -0.85693359
  0.48095703
 -1.15161133
 -0.62988281
  0.71411133
 -0.921875
  0.20947266
 -0.37792969
  0.76171875
 -0.37939453
  0.42724609]
[ 0.703125
 -0.4387207
 -0.03320312
 -0.92382812
 -0.70898438
  0.71801758
 -0.50439453
 -0.35083008
 -0.24902344
  0.25366211
 -0.27246094
  0.54785156]
[ 0.43457031
  0.20947266
 -0.48095703
 -0.20898438
  0.00878906
  0.74682617
 -0.89111328
  0.07470703
 -0.421875
  0.37646484
 -0.63574219
  0.95532227]
[ 0.39257812
  0.39257812
 -0.30810547
  0.36743164
  0.26660156
  0.87817383
 -0.92480469
  0.25048828
 -0.55859375
  0.25952148
 -0.33251953
  0.23266602]
[-0.01171875
  0.55664062
 -0.37548828
  0.52856445
  0.42480469
  0.48266602
 -0.40917969
 -0.06005859
 -0.34472656
  0.0456543
 -0.22998047
  0.19458008]
[ 0.00195312
  0.40576172
 -0.15917969
  0.56396484
  0.20214844
  0.515625
 -0.01757812
  0.00146484
  0.41210938
 -0.40454102
  0.20361328
 -0.43457031]
