000001000000000
000000111111000
000000111110000
000000111101000
000000111100000
000000111011000
000000111010000
000000111001000
000000111000000
000000110111000
000000110110000
000000110101000
000000110100000
000000110011000
000000110010000
000000110001000
000000110000000
000000101111000
000000101110000
000000101101000
000000101100000
000000101011000
000000101010000
000000101001000
000000101000000
000000100111000
000000100110000
000000100101000
000000100100000
000000100011000
000000100010000
000000100001000
000000100000000
000000011111000
000000011110000
000000011101000
000000011100000
000000011011000
000000011010000
000000011001000
000000011000000
000000010111000
000000010110000
000000010101000
000000010100000
000000010011000
000000010010000
000000010001000
000000010000000
000000001111000
000000001110000
000000001101000
000000001100000
000000001011000
000000001010000
000000001001000
000000001000000
000000000111000
000000000110000
000000000101000
000000000100000
000000000011000
000000000010000
000000000001000
000000000000000
111111111111000
111111111110000
111111111101000
111111111100000
111111111011000
111111111010000
111111111001000
111111111000000
111111110111000
111111110110000
111111110101000
111111110100000
111111110011000
111111110010000
111111110001000
111111110000000
111111101111000
111111101110000
111111101101000
111111101100000
111111101011000
111111101010000
111111101001000
111111101000000
111111100111000
111111100110000
111111100101000
111111100100000
111111100011000
111111100010000
111111100001000
111111000000000
111111000001000
111111000010000
111111000011000
111111000100000
111111000101000
111111000110000
111111000111000
111111001000000
111111001001000
111111001010000
111111001011000
111111001100000
111111001101000
111111001110000
111111001111000
111111010000000
111111010001000
111111010010000
111111010011000
111111010100000
111111010101000
111111010110000
111111010111000
111111011000000
111111011001000
111111011010000
111111011011000
111111011100000
111111011101000
111111011110000
111111011111000
111111100000000
111111100001000
111111100010000
111111100011000
111111100100000
111111100101000
111111100110000
111111100111000
111111101000000
111111101001000
111111101010000
111111101011000
111111101100000
111111101101000
111111101110000
111111101111000
111111110000000
111111110001000
111111110010000
111111110011000
111111110100000
111111110101000
111111110110000
111111110111000
111111111000000
111111111001000
111111111010000
111111111011000
111111111100000
111111111101000
111111111110000
111111111111000
000000000000000
000000000001000
000000000010000
000000000011000
000000000100000
000000000101000
000000000110000
000000000111000
000000001000000
000000001001000
000000001010000
000000001011000
000000001100000
000000001101000
000000001110000
000000001111000
000000010000000
000000010001000
000000010010000
000000010011000
000000010100000
000000010101000
000000010110000
000000010111000
000000011000000
000000011001000
000000011010000
000000011011000
000000011100000
000000011101000
000000011110000
000000011111000
