111111101110001
000000010001000
111111110100111
000000000111011
000000000111001
111111111110111
000000001111100
111111101010111
111111111111010
111111111010001
000000000101001
000000001011001
111111101100010
000000011000000
111111110100010
000000010001101
000000001100110
111111110110101
000000001011100
111111110111100
000000000111000
111111110101110
000000000010110
111111111101101
111111110000001
000000010000001
111111110101101
000000010010000
000000001011100
111111111000001
000000001000010
111111111101111
000000000001111
111111110110111
000000000011101
111111111110101
111111110110011
000000000110101
111111111110100
000000001110111
000000001001101
111111111010000
000000000100100
000000000101111
000000000100110
111111111011111
000000000000000
111111110111101
111111111010111
111111110111000
111111111110010
000000010100110
000000000100000
111111101001011
000000000111101
000000001001110
111111110111110
000000000000101
000000000011111
111111110000110
111111110001010
111111101010100
000000000010101
000000001011111
000000000111000
111111101110100
000000010011000
000000001000110
111111111101100
111111110110101
000000001010101
111111111110111
111111111001000
111111101010111
000000000101001
000000000100110
000000000010010
111111110101100
000000001010010
000000001010100
111111111101101
111111111011001
000000000111100
111111111110001
111111111001110
111111101111111
000000000101101
111111111110101
000000000011101
111111110101110
000000000011010
000000000110011
111111110110101
000000000100000
111111111110011
000000000110010
000000010000100
111111101110011
000000001100001
111111111000101
111111111001110
111111111110100
111111110000011
000000010101001
111111111111010
000000000110000
111111111011101
111111110100101
000000010010101
111111100111110
000000001001110
111111101100001
111111110011100
000000001000011
111111110010000
000000000111000
111111110110100
000000001011010
111111111011100
000000000110011
000000001111110
111111110001111
000000000111010
111111101101010
111111110110000
000000001010101
111111110001000
000000000010100
111111111001110
000000001011010
111111111001011
000000000110001
000000001010111
111111111000100
111111111111011
111111110000110
111111110100101
000000001011001
111111110111100
111111111010010
111111111011110
000000000011011
111111111011000
000000001000010
000000000111000
000000000011001
111111111000010
111111111100100
111111111111111
000000001011110
111111110001101
000000000000111
111111111001001
000000000101011
111111110101100
000000001110110
000000000110000
000000000110000
111111111011000
000000000101001
000000000011111
000000001101011
111111110001001
000000000011101
111111110111001
000000000011101
111111111010001
000000000011010
111111111111100
000000001000101
111111111001101
000000000111110
000000000110011
000000000111010
111111111001010
111111111110101
111111111010011
000000000000010
111111111011111
000000000010110
111111111111101
000000000110011
111111111101001
000000001000100
000000000010111
000000000111111
111111111111100
111111111111111
000000000110100
111111111001100
000000000011000
111111111000111
