[[-1.038897  ]
 [ 1.5334659 ]
 [ 0.9095192 ]
 [ 1.3687273 ]
 [ 0.69600415]
 [ 3.7947397 ]
 [-1.4074228 ]
 [-0.80445   ]
 [-0.93451166]
 [ 1.3320322 ]
 [ 0.76486826]
 [ 1.2030364 ]
 [ 0.59241664]
 [ 3.308334  ]
 [-1.2011421 ]
 [-0.6961112 ]
 [-0.8301264 ]
 [ 1.1305988 ]
 [ 0.6202172 ]
 [ 1.0373452 ]
 [ 0.48882884]
 [ 2.8219287 ]
 [-0.9948615 ]
 [-0.5877723 ]
 [-0.725741  ]
 [ 0.9291652 ]
 [ 0.47556615]
 [ 0.8716543 ]
 [ 0.38524133]
 [ 2.3355236 ]
 [-0.78858083]
 [-0.47943336]
 [-0.6213558 ]
 [ 0.7277316 ]
 [ 0.33091512]
 [ 0.70596313]
 [ 0.28165355]
 [ 1.8491182 ]
 [-0.5823002 ]
 [-0.37109452]
 [-0.51697063]
 [ 0.52629805]
 [ 0.18626419]
 [ 0.54027206]
 [ 0.17806596]
 [ 1.362713  ]
 [-0.37601954]
 [-0.2627557 ]
 [-0.41258535]
 [ 0.32486445]
 [ 0.04161313]
 [ 0.374581  ]
 [ 0.07447827]
 [ 0.8763077 ]
 [-0.16973887]
 [-0.15441678]
 [-0.30820006]
 [ 0.12343088]
 [-0.1030379 ]
 [ 0.20888996]
 [-0.02910937]
 [ 0.3899024 ]
 [ 0.03654182]
 [-0.04607793]
 [ 1.038897  ]
 [-1.5334659 ]
 [-0.9095192 ]
 [-1.3687273 ]
 [-0.69600415]
 [-3.7947397 ]
 [ 1.4074228 ]
 [ 0.80445   ]
 [ 0.93451166]
 [-1.3320322 ]
 [-0.76486826]
 [-1.2030364 ]
 [-0.59241664]
 [-3.308334  ]
 [ 1.2011421 ]
 [ 0.6961112 ]
 [ 0.8301264 ]
 [-1.1305988 ]
 [-0.6202172 ]
 [-1.0373452 ]
 [-0.48882884]
 [-2.8219287 ]
 [ 0.9948615 ]
 [ 0.5877723 ]
 [ 0.725741  ]
 [-0.9291652 ]
 [-0.47556615]
 [-0.8716543 ]
 [-0.38524133]
 [-2.3355236 ]
 [ 0.78858083]
 [ 0.47943336]
 [ 0.6213558 ]
 [-0.7277316 ]
 [-0.33091512]
 [-0.70596313]
 [-0.28165355]
 [-1.8491182 ]
 [ 0.5823002 ]
 [ 0.37109452]
 [ 0.51697063]
 [-0.52629805]
 [-0.18626419]
 [-0.54027206]
 [-0.17806596]
 [-1.362713  ]
 [ 0.37601954]
 [ 0.2627557 ]
 [ 0.41258535]
 [-0.32486445]
 [-0.04161313]
 [-0.374581  ]
 [-0.07447827]
 [-0.8763077 ]
 [ 0.16973887]
 [ 0.15441678]
 [ 0.30820006]
 [-0.12343088]
 [ 0.1030379 ]
 [-0.20888996]
 [ 0.02910937]
 [-0.3899024 ]
 [-0.03654182]
 [ 0.04607793]]