111111101111100
000000011000100
000000001110100
000000010101111
000000001011001
000000111100101
111111101001100
111111110011010
111111110001001
000000010101010
000000001100001
000000010011001
000000001001011
000000110100111
111111101100111
111111110100111
111111110010110
000000010010000
000000001001111
000000010000100
000000000111110
000000101101001
111111110000001
111111110110101
111111110100100
000000001110110
000000000111100
000000001101111
000000000110001
000000100101010
111111110011100
111111111000011
111111110110001
000000001011101
000000000101010
000000001011010
000000000100100
000000011101100
111111110110110
111111111010001
111111110111110
000000001000011
000000000010111
000000001000101
000000000010110
000000010101110
111111111010000
111111111011111
111111111001100
000000000101001
000000000000101
000000000101111
000000000001001
000000001110000
111111111101011
111111111101101
111111111011001
000000000001111
111111111110011
000000000011010
111111111111101
000000000110001
000000000000100
111111111111011
000000010000100
111111100111100
111111110001100
111111101010001
111111110100111
111111000011011
000000010110100
000000001100110
000000001110111
111111101010110
111111110011111
111111101100111
111111110110101
111111001011001
000000010011001
000000001011001
000000001101010
111111101110000
111111110110001
111111101111100
111111111000010
111111010010111
000000001111111
000000001001011
000000001011100
111111110001010
111111111000100
111111110010001
111111111001111
111111011010110
000000001100100
000000000111101
000000001001111
111111110100011
111111111010110
111111110100110
111111111011100
111111100010100
000000001001010
000000000101111
000000001000010
111111110111101
111111111101001
111111110111011
111111111101010
111111101010010
000000000110000
000000000100001
000000000110100
111111111010111
111111111111011
111111111010001
111111111110111
111111110010000
000000000010101
000000000010011
000000000100111
111111111110001
000000000001101
111111111100110
000000000000011
111111111001111
111111111111100
000000000000101
