[[-1.0317383 ]
 [ 1.5458984 ]
 [ 0.89453125]
 [ 1.3706055 ]
 [ 0.66552734]
 [ 3.7792969 ]
 [-1.4140625 ]
 [-0.8120117 ]]
[[-0.92822266]
 [ 1.3427734 ]
 [ 0.7519531 ]
 [ 1.2045898 ]
 [ 0.56591797]
 [ 3.2949219 ]
 [-1.2070312 ]
 [-0.7026367 ]]
[[-0.82470703]
 [ 1.1396484 ]
 [ 0.609375  ]
 [ 1.0385742 ]
 [ 0.4663086 ]
 [ 2.8105469 ]
 [-1.        ]
 [-0.5932617 ]]
[[-0.7211914 ]
 [ 0.93652344]
 [ 0.46679688]
 [ 0.8725586 ]
 [ 0.36669922]
 [ 2.3261719 ]
 [-0.79296875]
 [-0.48388672]]
[[-0.6176758 ]
 [ 0.73339844]
 [ 0.32421875]
 [ 0.70654297]
 [ 0.26708984]
 [ 1.8417969 ]
 [-0.5859375 ]
 [-0.37451172]]
[[-0.51416016]
 [ 0.53027344]
 [ 0.18164062]
 [ 0.54052734]
 [ 0.16748047]
 [ 1.3574219 ]
 [-0.37890625]
 [-0.26513672]]
[[-0.41064453]
 [ 0.32714844]
 [ 0.0390625 ]
 [ 0.37451172]
 [ 0.06787109]
 [ 0.8730469 ]
 [-0.171875  ]
 [-0.15576172]]
[[-0.3071289 ]
 [ 0.12402344]
 [-0.10351562]
 [ 0.2084961 ]
 [-0.03173828]
 [ 0.38867188]
 [ 0.03515625]
 [-0.04638672]]
[[ 1.0317383 ]
 [-1.5458984 ]
 [-0.89453125]
 [-1.3706055 ]
 [-0.66552734]
 [-3.7792969 ]
 [ 1.4140625 ]
 [ 0.8120117 ]]
[[ 0.92822266]
 [-1.3427734 ]
 [-0.7519531 ]
 [-1.2045898 ]
 [-0.56591797]
 [-3.2949219 ]
 [ 1.2070312 ]
 [ 0.7026367 ]]
[[ 0.82470703]
 [-1.1396484 ]
 [-0.609375  ]
 [-1.0385742 ]
 [-0.4663086 ]
 [-2.8105469 ]
 [ 1.        ]
 [ 0.5932617 ]]
[[ 0.7211914 ]
 [-0.93652344]
 [-0.46679688]
 [-0.8725586 ]
 [-0.36669922]
 [-2.3261719 ]
 [ 0.79296875]
 [ 0.48388672]]
[[ 0.6176758 ]
 [-0.73339844]
 [-0.32421875]
 [-0.70654297]
 [-0.26708984]
 [-1.8417969 ]
 [ 0.5859375 ]
 [ 0.37451172]]
[[ 0.51416016]
 [-0.53027344]
 [-0.18164062]
 [-0.54052734]
 [-0.16748047]
 [-1.3574219 ]
 [ 0.37890625]
 [ 0.26513672]]
[[ 0.41064453]
 [-0.32714844]
 [-0.0390625 ]
 [-0.37451172]
 [-0.06787109]
 [-0.8730469 ]
 [ 0.171875  ]
 [ 0.15576172]]
[[ 0.3071289 ]
 [-0.12402344]
 [ 0.10351562]
 [-0.2084961 ]
 [ 0.03173828]
 [-0.38867188]
 [-0.03515625]
 [ 0.04638672]]
