111111101111100
000000011000100
000000001101111
000000010101100
000000001001110
000000111011110
111111101001010
111111110010111
111111110001001
000000010101010
000000001011101
000000010010111
000000001000010
000000110100000
111111101100100
111111110100011
111111110010110
000000010010000
000000001001011
000000010000010
000000000110110
000000101100011
111111101111111
111111110110011
111111110100011
000000001110110
000000000111001
000000001101101
000000000101010
000000100100101
111111110011001
111111110111111
111111110110000
000000001011100
000000000100111
000000001011000
000000000011110
000000011101000
111111110110100
111111111001111
111111110111101
000000001000010
000000000010101
000000001000011
000000000010010
000000010101010
111111111001110
111111111011011
111111111001010
000000000101000
000000000000011
000000000101110
000000000000110
000000001101101
111111111101001
111111111101011
111111111010111
000000000001110
111111111110001
000000000011001
111111111111010
000000000101111
000000000000011
111111111110111
000000010000001
111111100111001
111111110001110
111111101010001
111111110101111
111111000011111
000000010110100
000000001100110
000000001110100
111111101010010
111111110011111
111111101100110
111111110111011
111111001011100
000000010011010
000000001011001
000000001100111
111111101101101
111111110110010
111111101111011
111111111000111
111111010011010
000000001111111
000000001001010
000000001011010
111111110000110
111111111000011
111111110010000
111111111010011
111111011010111
000000001100101
000000000111101
000000001001101
111111110100001
111111111010110
111111110100101
111111111011111
111111100010101
000000001001010
000000000101110
000000001000000
111111110111010
111111111100111
111111110111010
111111111101011
111111101010010
000000000110000
000000000100001
000000000110011
111111111010101
111111111111010
111111111001111
111111111110111
111111110010000
000000000010101
000000000010010
000000000100110
111111111101110
000000000001011
111111111100100
000000000000011
111111111001101
111111111111011
000000000000101
