111111110110000
000000000011111
111111111000101
000000000100100
000000000000000
000000001001101
000000000000100
000000000100001
111111111110001
111111111111001
000000000000001
111111111110110
111111111010001
000000000110010
000000000110100
111111111011101
111111111101111
111111111111101
000000000100001
000000001010001
000000000100010
111111111000101
111111111100100
111111111001111
000000001010110
000000000011111
000000000111101
111111110111111
000000000100101
000000000110111
111111110101111
000000000010111
