111111111110011
111111111111001
000000000000010
000000000011110
111111111100110
111111111101001
000000000101001
111111111101000
000000000011001
111111111100010
000000000101011
000000000011011
000000000011011
000000000010001
111111111011101
000000000000101
000000000101011
000000000001011
111111111111100
000000000001010
111111111111101
000000000001000
000000000010100
000000000010101
111111111110010
000000000001011
111111111110000
111111111010111
111111111101111
111111111100001
111111111100000
111111111011110
111111111011011
111111111110111
111111111101111
000000000011110
