[[ 1.6076087e+00]
 [ 1.5721881e+00]
 [ 1.5317439e+00]
 [ 1.4864233e+00]
 [ 1.4365091e+00]
 [ 1.3824095e+00]
 [ 1.3246442e+00]
 [ 1.2638185e+00]
 [ 1.2057065e+00]
 [ 1.1664622e+00]
 [ 1.1232789e+00]
 [ 1.0763755e+00]
 [ 1.0260780e+00]
 [ 9.7280663e-01]
 [ 9.1706139e-01]
 [ 8.5939658e-01]
 [ 8.0380434e-01]
 [ 7.6073623e-01]
 [ 7.1481383e-01]
 [ 6.6632766e-01]
 [ 6.1564678e-01]
 [ 5.6320381e-01]
 [ 5.0947857e-01]
 [ 4.5497465e-01]
 [ 4.0190217e-01]
 [ 3.5501024e-01]
 [ 3.0634877e-01]
 [ 2.5627989e-01]
 [ 2.0521559e-01]
 [ 1.5360105e-01]
 [ 1.0189571e-01]
 [ 5.0552741e-02]
 [-7.4505804e-11]
 [-5.0715748e-02]
 [-1.0211626e-01]
 [-1.5376793e-01]
 [-2.0521559e-01]
 [-2.5600174e-01]
 [-3.0568713e-01]
 [-3.5386920e-01]
 [-4.0190217e-01]
 [-4.5644173e-01]
 [-5.1058125e-01]
 [-5.6381571e-01]
 [-6.1564678e-01]
 [-6.6560453e-01]
 [-7.1327001e-01]
 [-7.5829113e-01]
 [-8.0380434e-01]
 [-8.6216772e-01]
 [-9.1904628e-01]
 [-9.7386354e-01]
 [-1.0260780e+00]
 [-1.0752074e+00]
 [-1.1208528e+00]
 [-1.1627131e+00]
 [-1.2057065e+00]
 [-1.2678937e+00]
 [-1.3275113e+00]
 [-1.3839114e+00]
 [-1.4365091e+00]
 [-1.4848101e+00]
 [-1.5284357e+00]
 [-1.5671350e+00]
 [-1.6076087e+00]
 [-1.5721881e+00]
 [-1.5317439e+00]
 [-1.4864233e+00]
 [-1.4365091e+00]
 [-1.3824095e+00]
 [-1.3246442e+00]
 [-1.2638185e+00]
 [-1.2057065e+00]
 [-1.1664622e+00]
 [-1.1232789e+00]
 [-1.0763755e+00]
 [-1.0260780e+00]
 [-9.7280663e-01]
 [-9.1706139e-01]
 [-8.5939658e-01]
 [-8.0380434e-01]
 [-7.6073623e-01]
 [-7.1481383e-01]
 [-6.6632766e-01]
 [-6.1564678e-01]
 [-5.6320381e-01]
 [-5.0947857e-01]
 [-4.5497465e-01]
 [-4.0190217e-01]
 [-3.5501024e-01]
 [-3.0634877e-01]
 [-2.5627989e-01]
 [-2.0521559e-01]
 [-1.5360105e-01]
 [-1.0189571e-01]
 [-5.0552741e-02]
 [-7.4505804e-11]
 [ 5.0715748e-02]
 [ 1.0211626e-01]
 [ 1.5376793e-01]
 [ 2.0521559e-01]
 [ 2.5600174e-01]
 [ 3.0568713e-01]
 [ 3.5386920e-01]
 [ 4.0190217e-01]
 [ 4.5644173e-01]
 [ 5.1058125e-01]
 [ 5.6381571e-01]
 [ 6.1564678e-01]
 [ 6.6560453e-01]
 [ 7.1327001e-01]
 [ 7.5829113e-01]
 [ 8.0380434e-01]
 [ 8.6216772e-01]
 [ 9.1904628e-01]
 [ 9.7386354e-01]
 [ 1.0260780e+00]
 [ 1.0752074e+00]
 [ 1.1208528e+00]
 [ 1.1627131e+00]
 [ 1.2057065e+00]
 [ 1.2678937e+00]
 [ 1.3275113e+00]
 [ 1.3839114e+00]
 [ 1.4365091e+00]
 [ 1.4848101e+00]
 [ 1.5284357e+00]
 [ 1.5671350e+00]]