000000011001101
000000011001001
000000011000100
000000010111110
000000010110111
000000010110000
000000010101001
000000010100001
000000010011010
000000010010101
000000010001111
000000010001001
000000010000011
000000001111100
000000001110101
000000001101110
000000001100110
000000001100001
000000001011011
000000001010101
000000001001110
000000001001000
000000001000001
000000000111010
000000000110011
000000000101101
000000000100111
000000000100000
000000000011010
000000000010011
000000000001101
000000000000110
000000000000000
111111111111010
111111111110011
111111111101101
111111111100110
111111111100000
111111111011001
111111111010011
111111111001101
111111111000110
111111110111111
111111110111000
111111110110010
111111110101011
111111110100101
111111110011111
111111110011010
111111110010010
111111110001011
111111110000100
111111101111101
111111101110111
111111101110001
111111101101100
111111101100110
111111101011110
111111101010111
111111101001111
111111101001001
111111101000010
111111100111101
111111100111000
111111100110011
111111100110111
111111100111100
111111101000010
111111101001001
111111101010000
111111101010111
111111101011111
111111101100110
111111101101011
111111101110001
111111101110111
111111101111101
111111110000100
111111110001011
111111110010010
111111110011010
111111110011111
111111110100101
111111110101011
111111110110010
111111110111000
111111110111111
111111111000110
111111111001101
111111111010011
111111111011001
111111111100000
111111111100110
111111111101101
111111111110011
111111111111010
000000000000000
000000000000110
000000000001101
000000000010011
000000000011010
000000000100000
000000000100111
000000000101101
000000000110011
000000000111010
000000001000001
000000001001000
000000001001110
000000001010101
000000001011011
000000001100001
000000001100110
000000001101110
000000001110101
000000001111100
000000010000011
000000010001001
000000010001111
000000010010100
000000010011010
000000010100010
000000010101001
000000010110001
000000010110111
000000010111110
000000011000011
000000011001000
