000000011001100
000000011000101
000000011000011
000000010111100
000000010110110
000000010101111
000000010101001
000000010011111
000000010011001
000000010010010
000000010001111
000000010001000
000000010000010
000000001111011
000000001110101
000000001101100
000000001100110
000000001011111
000000001011011
000000001010100
000000001001110
000000001000111
000000001000001
000000000111001
000000000110011
000000000101100
000000000100111
000000000100000
000000000011010
000000000010011
000000000001101
000000000000110
000000000000000
111111111111001
111111111110011
111111111101100
111111111100110
111111111011111
111111111011001
111111111010011
111111111001101
111111111000110
111111110111111
111111110111000
111111110110010
111111110101011
111111110100101
111111110100000
111111110011010
111111110010011
111111110001011
111111110000100
111111101111110
111111101110111
111111101110001
111111101101101
111111101100111
111111101100000
111111101010111
111111101010000
111111101001010
111111101000011
111111100111101
111111100111010
111111100110100
111111100111010
111111100111101
111111101000011
111111101001010
111111101010000
111111101010111
111111101100000
111111101100111
111111101101101
111111101110001
111111101110111
111111101111110
111111110000100
111111110001011
111111110010011
111111110011010
111111110100000
111111110100101
111111110101011
111111110110010
111111110111000
111111110111111
111111111000110
111111111001101
111111111010011
111111111011001
111111111011111
111111111100110
111111111101100
111111111110011
111111111111001
000000000000000
000000000000110
000000000001101
000000000010011
000000000011010
000000000100000
000000000100111
000000000101100
000000000110011
000000000111001
000000001000001
000000001000111
000000001001110
000000001010100
000000001011011
000000001011111
000000001100110
000000001101100
000000001110101
000000001111011
000000010000010
000000010001000
000000010001111
000000010010010
000000010011001
000000010011111
000000010101001
000000010101111
000000010110110
000000010111100
000000011000011
000000011000101
