000000000000101
000000000000110
000000000001100
000000000001000
000000000000110
000000000000100
000000000000011
000000000000001
000000000001011
000000000000000
000000000000101
000000000000000
000000000000001
000000000000100
000000000001001
000000000000101
000000000000000
000000000000010
000000000000111
000000000000010
111111111111110
000000000000101
000000000000001
111111111111100
000000000001000
000000000001001
000000000000011
000000000000110
000000000001100
000000000000110
000000000000011
111111111111010
111111111111100
000000000000000
000000000000110
000000000000001
111111111111101
000000000000000
000000000000110
111111111111111
000000000000010
000000000000011
000000000000100
000000000000000
000000000010011
000000000000100
000000000000011
000000000000011
000000000000000
000000000000110
000000000001010
000000000001101
000000000000000
000000000000011
111111111111110
000000000001000
111111111111001
111111111111101
000000000000100
000000000000010
000000000001010
000000000000000
000000000000011
000000000001100
111111111111110
000000000000000
000000000000011
000000000000100
000000000001101
000000000000010
111111111111100
000000000000010
000000000000101
000000000010011
000000000000000
111111111111101
000000000000111
000000000000111
000000000000110
000000000000101
000000000000010
000000000010111
000000000000111
000000000000011
111111111111100
000000000000101
111111111111110
000000000000001
111111111111111
000000000000111
000000000001000
000000000001001
000000000000000
000000000001001
000000000001010
111111111111001
000000000000101
000000000001001
000000000001010
000000000010011
111111111111010
000000000001000
000000000001010
000000000000111
000000000000010
000000000000001
000000000000110
000000000010000
000000000000000
000000000000000
000000000000000
000000000000011
000000000010101
000000000000100
111111111111110
000000000000110
000000000000100
000000000000100
000000000001011
000000000000010
000000000000110
000000000000010
000000000000010
000000000001011
000000000001001
000000000000100
000000000000000
000000000000010
111111111111110
000000000000000
000000000000000
000000000000010
000000000000101
000000000001001
000000000001100
000000000001110
000000000001001
000000000000001
000000000000001
000000000000000
000000000001001
000000000000000
000000000000101
000000000000100
111111111111011
111111111111111
000000000000110
111111111111111
000000000001001
000000000011000
000000000000110
000000000000010
000000000000000
000000000000000
000000000000010
000000000001001
000000000000011
000000000001011
000000000000110
000000000000010
000000000001001
000000000000110
000000000000000
111111111111100
000000000000000
000000000000101
000000000000101
000000000000010
000000000000000
000000000000010
000000000001101
000000000000100
111111111111011
111111111111110
111111111111111
000000000001110
000000000000100
000000000000000
000000000000101
000000000000011
000000000010001
000000000010000
000000000010010
000000000000100
000000000000010
000000000000101
000000000000000
000000000000110
000000000000110
000000000000101
000000000001011
000000000000000
000000000000100
000000000000101
000000000000011
000000000000010
000000000000111
111111111111111
000000000000000
000000000000100
111111111111111
000000000000100
000000000001100
111111111111011
000000000000111
000000000001101
111111111111111
000000000000100
111111111111111
000000000000011
000000000001001
000000000001011
000000000001001
000000000001100
000000000001000
111111111111110
000000000000100
000000000000010
111111111111100
111111111111111
000000000000001
000000000001100
000000000000110
000000000000000
000000000000101
000000000000100
000000000000111
000000000000001
000000000000011
000000000000001
000000000000011
000000000000000
000000000000000
111111111111111
111111111111111
000000000000000
000000000001101
000000000000001
000000000000010
000000000001000
000000000000000
000000000000101
000000000000001
000000000001010
000000000000101
000000000001010
000000000000101
000000000000000
000000000000111
000000000000000
000000000000100
000000000000111
000000000000100
000000000010000
000000000010010
000000000000010
000000000001001
000000000000011
000000000010001
000000000001100
000000000000100
000000000000100
000000000000000
000000000000111
000000000000101
000000000010011
000000000000001
000000000000111
000000000000001
111111111111110
000000000001001
111111111111110
000000000000101
111111111111011
000000000001001
000000000000011
111111111111101
000000000000000
000000000000110
000000000000001
000000000000111
000000000001001
000000000000011
000000000000000
000000000010000
000000000000010
000000000001000
000000000000011
000000000000101
000000000000111
000000000000111
000000000000111
000000000000011
111111111111110
000000000000111
000000000001101
111111111111100
111111111111111
000000000001100
000000000000010
000000000001101
000000000000100
000000000000001
000000000010011
000000000000010
000000000001101
111111111111110
000000000000001
000000000010110
000000000000100
111111111111011
000000000000001
111111111111101
000000000001100
000000000000100
000000000000000
000000000000010
000000000000101
000000000000000
000000000000110
000000000000001
000000000011001
000000000001010
000000000000001
111111111111111
000000000000100
000000000001001
000000000000011
111111111111100
000000000010001
000000000001100
000000000001011
000000000000100
000000000000101
000000000010000
111111111111100
000000000000010
000000000000110
000000000000101
000000000010100
111111111111110
000000000010010
000000000001001
000000000000111
000000000000101
111111111111110
000000000010100
000000000010111
000000000000101
000000000001000
000000000000010
000000000000100
000000000001111
000000000000011
111111111111111
000000000000111
000000000000101
000000000001010
000000000010011
111111111111110
000000000001000
111111111111100
111111111111110
000000000000001
000000000001010
000000000001101
000000000000111
000000000000100
111111111111111
000000000000000
000000000000110
000000000001010
000000000000111
000000000000010
000000000001000
000000000001011
000000000011000
000000000000010
000000000000011
000000000000110
000000000001101
000000000000110
000000000000010
000000000000110
111111111111101
000000000000100
000000000001011
000000000000010
000000000000111
000000000010010
000000000000101
111111111111111
000000000000011
000000000000110
000000000000011
000000000000100
000000000000011
000000000000011
000000000000100
000000000000111
000000000001001
000000000000010
000000000000100
000000000000000
111111111111100
000000000000110
000000000010001
000000000000000
000000000000011
111111111111110
000000000010100
000000000000101
111111111111100
000000000001001
000000000000011
000000000000010
000000000001000
111111111111011
000000000001111
000000000001010
000000000010011
000000000001110
000000000001010
000000000000100
000000000001001
000000000000111
000000000000110
000000000000110
000000000001011
000000000000101
000000000000101
111111111111100
000000000000000
111111111111011
000000000000101
000000000000110
000000000000000
000000000000110
111111111111100
111111111111110
111111111111011
000000000000111
000000000001001
111111111111100
000000000000100
000000000000110
111111111111101
111111111111011
000000000000100
000000000000110
000000000001110
000000000001001
000000000000000
000000000000010
000000000000010
111111111111101
000000000000000
000000000000001
111111111111011
000000000000101
000000000000110
000000000001001
000000000000001
000000000000000
000000000000000
000000000001001
000000000000011
000000000000000
000000000000001
111111111111111
000000000001011
000000000000011
000000000000100
111111111111111
000000000000000
000000000000011
000000000011001
000000000000000
000000000000010
000000000001100
000000000000000
000000000000110
000000000000111
000000000001010
000000000000000
000000000000010
000000000000000
000000000000011
000000000000110
000000000000110
000000000000101
000000000000011
000000000000001
000000000001111
000000000001111
000000000000011
000000000000000
000000000000010
000000000001010
000000000001000
000000000000110
000000000000101
000000000000000
111111111111110
000000000001010
000000000010110
000000000000011
000000000001101
000000000000010
000000000000110
000000000001000
111111111111011
111111111111011
000000000000001
000000000001010
111111111111101
111111111111101
111111111111100
000000000000111
111111111111011
000000000001000
000000000000010
000000000001000
000000000000000
000000000001110
000000000001001
000000000000000
000000000000111
000000000000010
000000000001000
000000000000110
000000000000111
000000000001100
000000000000101
111111111111100
000000000000011
111111111111101
111111111111111
000000000000100
000000000000101
000000000000010
000000000000100
000000000000011
000000000010010
000000000000101
000000000000011
000000000000000
000000000000100
000000000001111
000000000000001
111111111111101
000000000000011
000000000000000
000000000001111
111111111111111
000000000000000
000000000001001
000000000000010
111111111111101
000000000000000
000000000000101
000000000010100
000000000000000
000000000000001
000000000000011
000000000000000
000000000000000
000000000000011
111111111111011
000000000001110
000000000000010
000000000000110
000000000000010
000000000000100
000000000001111
111111111111100
111111111111011
000000000000000
000000000000110
000000000010110
111111111111110
000000000001001
000000000000001
000000000001010
000000000001100
000000000000001
000000000010011
000000000001111
000000000000001
000000000001010
111111111111111
000000000000101
000000000010000
000000000000111
000000000000000
000000000000010
000000000000101
000000000000100
000000000010000
000000000000101
000000000000000
000000000000001
000000000000011
000000000001011
000000000001100
000000000001001
000000000001001
000000000000111
000000000000110
000000000000011
000000000000111
000000000001000
000000000001010
000000000000101
000000000000110
000000000001011
000000000001111
000000000001101
000000000000010
000000000000001
000000000001001
000000000001010
000000000000011
000000000000010
111111111111111
111111111111110
000000000001101
000000000000111
000000000000111
000000000010101
111111111111101
000000000000100
000000000001000
000000000001100
000000000001110
000000000001010
000000000000011
000000000000101
000000000000000
000000000000111
000000000001001
111111111111101
111111111111100
111111111111111
000000000000000
000000000010001
000000000010000
000000000001000
111111111111111
000000000000001
000000000001111
000000000000000
111111111111111
000000000001011
000000000000000
000000000001110
000000000001000
000000000000000
000000000010100
000000000001010
000000000010011
000000000010010
000000000010001
000000000000111
111111111111111
000000000000000
000000000000101
000000000000001
000000000000100
000000000000101
000000000001110
111111111111101
000000000000001
111111111111100
000000000000010
000000000000000
000000000001000
000000000000000
111111111111100
000000000000000
000000000000100
000000000001010
000000000000100
111111111111010
000000000001001
000000000001010
000000000000000
000000000000001
111111111111100
111111111111101
000000000001010
000000000000111
000000000000001
111111111111111
000000000000100
000000000000010
000000000001001
000000000001010
000000000000000
000000000000011
000000000000101
000000000000010
000000000000000
000000000000000
000000000001000
000000000000101
000000000000000
000000000000001
000000000000100
111111111111110
000000000000100
000000000000001
000000000000110
000000000000001
111111111111111
000000000000100
000000000001101
000000000000000
000000000000011
000000000000011
000000000000010
000000000000000
000000000000011
000000000000100
000000000000001
000000000000011
111111111111011
000000000001001
000000000001101
000000000010101
111111111111111
000000000000111
000000000000111
000000000001111
000000000011011
000000000000100
000000000001110
000000000001010
000000000010100
000000000001010
000000000000110
000000000000110
111111111111111
111111111111110
111111111111110
000000000011100
000000000000000
000000000000001
000000000000100
000000000000011
000000000000001
111111111111110
000000000000011
111111111111110
000000000010011
111111111111011
000000000000100
000000000001010
000000000001001
111111111111010
111111111111111
000000000000011
000000000010111
000000000000111
000000000010000
000000000001100
000000000000101
000000000001001
000000000000100
000000000001001
000000000000100
000000000001000
000000000000111
000000000000110
000000000000010
000000000000111
111111111111111
000000000000011
000000000010010
000000000000100
000000000001001
000000000000000
000000000001101
000000000001101
000000000001011
000000000000001
111111111111011
000000000000001
000000000010110
000000000001000
000000000000010
000000000001000
000000000000100
000000000000010
000000000000110
000000000001100
111111111111111
111111111111110
000000000000010
000000000000000
000000000000001
000000000010100
000000000000101
000000000001000
000000000000101
000000000000001
000000000001111
000000000001000
000000000000010
000000000000101
000000000000111
111111111111110
000000000000100
111111111111101
000000000001110
000000000000000
000000000000100
000000000000000
000000000000000
000000000001010
000000000000110
000000000010000
000000000001010
111111111111110
000000000001110
000000000001000
000000000010001
000000000000100
000000000000111
000000000000010
000000000000110
000000000000010
000000000001110
000000000000001
000000000000000
000000000010000
000000000001111
000000000010010
000000000011100
111111111111101
000000000000001
111111111111101
111111111111100
111111111111111
000000000001000
000000000000110
000000000001000
000000000001100
000000000000001
000000000000010
000000000010010
000000000000111
000000000001001
000000000001000
000000000001011
000000000010110
000000000010001
000000000001001
000000000010001
000000000001110
000000000000110
000000000000101
000000000001001
111111111111111
000000000000010
000000000000101
000000000010101
000000000000111
000000000000000
000000000001101
000000000000001
000000000001000
111111111111101
000000000000001
000000000010100
000000000000011
111111111111101
000000000001010
000000000001101
000000000000011
000000000001110
000000000000010
000000000000001
000000000000101
111111111111110
000000000000011
000000000001001
000000000001000
000000000000101
111111111111100
000000000001101
000000000000011
000000000000100
000000000000111
000000000001010
000000000001001
000000000000100
000000000000010
000000000001100
000000000000110
000000000001101
000000000001101
000000000001000
000000000000011
000000000000000
000000000000000
000000000000110
000000000001100
000000000000110
000000000001101
000000000010101
111111111111010
111111111111101
111111111111101
111111111111110
000000000000100
000000000000101
000000000000111
111111111111100
000000000000001
000000000001100
111111111111100
000000000000111
111111111111100
000000000000000
000000000000101
111111111111101
000000000000010
000000000000010
000000000000001
000000000001110
000000000000101
111111111111011
000000000000010
000000000010101
000000000000110
111111111111110
000000000001101
000000000001101
000000000000000
000000000000010
000000000000110
000000000000100
000000000001001
000000000000111
000000000000011
000000000000011
111111111111110
000000000001000
111111111111110
111111111111101
000000000010001
000000000000001
000000000001001
000000000001101
000000000000101
000000000011010
000000000000000
000000000000111
000000000000101
000000000001010
000000000000001
000000000000011
000000000001101
000000000001100
000000000001010
111111111111110
000000000001001
000000000001101
000000000010100
000000000001000
000000000000011
000000000000110
000000000000111
000000000011000
000000000000110
000000000001001
000000000000011
000000000011100
000000000000101
000000000001100
000000000000000
111111111111110
111111111111100
000000000000001
000000000011001
000000000001000
000000000000011
000000000001001
000000000000101
111111111111110
000000000000010
000000000000110
000000000000000
000000000011000
000000000000111
111111111111101
000000000000000
000000000010000
111111111111010
111111111111111
000000000001001
000000000010110
000000000000100
000000000001101
000000000001001
000000000000010
000000000010110
000000000000010
000000000001000
000000000000011
000000000000000
000000000001111
000000000000101
000000000000010
000000000001011
000000000000000
000000000000111
000000000010100
000000000000111
000000000001000
000000000001011
000000000010000
000000000010100
000000000010001
000000000000000
000000000000000
000000000000110
000000000010101
000000000000101
111111111111111
000000000000111
000000000000111
000000000001010
000000000000000
000000000000011
111111111111110
000000000000111
111111111111011
000000000000110
000000000001001
000000000100001
000000000001000
000000000000110
111111111111011
000000000000110
000000000010010
000000000001001
111111111111101
000000000000111
000000000010011
000000000000000
000000000000111
111111111111101
000000000000111
000000000000011
000000000000111
000000000000110
000000000000111
000000000001101
000000000000100
000000000001101
000000000001100
000000000000010
000000000001011
000000000001011
000000000001011
000000000001011
111111111111101
000000000001110
000000000000100
000000000000111
000000000011000
000000000001010
000000000000000
000000000000111
000000000010011
000000000001010
000000000011101
111111111111111
000000000000101
111111111111100
111111111111100
000000000000010
000000000000111
000000000001110
000000000001100
000000000001011
000000000001101
000000000001000
000000000010010
000000000010000
000000000000110
000000000000100
000000000010010
000000000010011
000000000011101
000000000001011
000000000010011
000000000001100
000000000001010
000000000001101
000000000000110
000000000001000
111111111111110
000000000000010
000000000010000
000000000000011
000000000000101
000000000010001
111111111111011
000000000000100
111111111111011
000000000000110
000000000010000
000000000000000
000000000000110
000000000001101
000000000001100
000000000001011
000000000010101
000000000000101
000000000000111
111111111111100
000000000000110
000000000001110
000000000001110
000000000001010
000000000001000
111111111111101
000000000000110
000000000000001
000000000000111
000000000001111
000000000001000
000000000000011
000000000001001
000000000000010
000000000010110
000000000001111
000000000011000
000000000000111
000000000001101
111111111111111
111111111111100
000000000001010
000000000001111
000000000001100
000000000000101
000000000001010
000000000010100
000000000000010
111111111111101
000000000000011
111111111111101
000000000000111
000000000000111
111111111111111
111111111111100
000000000001011
000000000001101
111111111111101
000000000000110
000000000000001
000000000001000
000000000000001
111111111111111
000000000001000
000000000000010
000000000001001
000000000000001
000000000001000
000000000000000
000000000000000
000000000011000
000000000000101
000000000000100
000000000001110
000000000000011
000000000000001
000000000001100
000000000001010
000000000000111
000000000001101
000000000000100
000000000001010
000000000000110
111111111111111
000000000000100
000000000000111
111111111111110
000000000001100
000000000000100
000000000001011
000000000001110
000000000001001
000000000100000
000000000000111
000000000000010
000000000000010
000000000001001
111111111111111
000000000000100
000000000000000
000000000001101
000000000001111
111111111111011
000000000000000
000000000001111
000000000010000
000000000000100
000000000000000
111111111111111
000000000000110
000000000010111
111111111111110
000000000000101
000000000001011
000000000010100
000000000001100
000000000000011
000000000001010
000000000000000
111111111111111
000000000000010
000000000100000
000000000001001
000000000000101
111111111111100
000000000000100
000000000000101
000000000000011
000000000000011
111111111111011
000000000010011
000000000000000
000000000000101
111111111111111
000000000000110
000000000000000
000000000000100
000000000000110
000000000010001
000000000000100
000000000001010
000000000001011
000000000000111
000000000001011
000000000001010
000000000000001
000000000001000
000000000000100
000000000001010
000000000000110
000000000000010
000000000001010
000000000000110
000000000000110
000000000010100
000000000000001
000000000001111
000000000001001
000000000001001
000000000001000
000000000001100
000000000000010
111111111111110
000000000000100
000000000011100
000000000000110
111111111111011
000000000000010
000000000000010
000000000000011
000000000000101
000000000000001
000000000000011
000000000000100
111111111111010
000000000000110
000000000000110
000000000010100
000000000001010
000000000000001
000000000000000
000000000000110
000000000010101
000000000000000
111111111111100
000000000001010
000000000001011
000000000000000
000000000000011
000000000000001
000000000000110
111111111111100
000000000000001
000000000000101
000000000001001
000000000001100
000000000000111
000000000001111
000000000000011
000000000000001
000000000001111
000000000000101
000000000001010
000000000000101
000000000000111
000000000001000
000000000000101
000000000000000
000000000010101
000000000000001
000000000001011
000000000000010
000000000001010
000000000010010
000000000011110
111111111111011
000000000000011
111111111111110
111111111111011
111111111111111
000000000001000
000000000000010
000000000001110
000000000000001
000000000000010
000000000000111
000000000001000
000000000010001
000000000000010
000000000000110
000000000001111
000000000010101
000000000001111
000000000001110
000000000000100
000000000000101
000000000001001
000000000001011
000000000000011
000000000000101
111111111111011
000000000001000
000000000001111
000000000000011
000000000000000
000000000001111
111111111111110
000000000000101
000000000000000
111111111111101
000000000010111
000000000000000
000000000000110
000000000000000
000000000001111
111111111111111
000000000010011
111111111111110
000000000000100
111111111111010
000000000001000
000000000000011
000000000000110
000000000001111
111111111111111
000000000000100
000000000000101
000000000000110
000000000000100
000000000000011
000000000001000
000000000000000
000000000000001
000000000000110
000000000010100
000000000001000
000000000010101
000000000001001
000000000000000
000000000001001
111111111111100
000000000000110
000000000000011
000000000001100
000000000001111
000000000000010
000000000011001
000000000000010
111111111111010
000000000001010
000000000000111
111111111111101
000000000001000
000000000000110
111111111111010
000000000000100
000000000000011
111111111111100
000000000000000
111111111111010
000000000000000
000000000000000
111111111111100
000000000000101
000000000000100
000000000000010
000000000000001
111111111111111
111111111111110
000000000000011
000000000010010
000000000000101
111111111111011
000000000000001
000000000001110
000000000000010
000000000000111
000000000000101
000000000000111
000000000001000
000000000000111
000000000000001
000000000000011
000000000000000
000000000000001
111111111111101
000000000000101
000000000001001
000000000000010
000000000000001
000000000001011
000000000000000
000000000100010
000000000000111
000000000000101
000000000000111
000000000000101
111111111111110
000000000000001
111111111111010
000000000000011
000000000000011
111111111111001
000000000000000
000000000000001
000000000000010
111111111111110
000000000000000
111111111111010
111111111111111
000000000001010
000000000000100
000000000000011
000000000000111
000000000001000
000000000001010
000000000000001
111111111111110
111111111111001
111111111111100
111111111111101
000000000001000
000000000000101
111111111111101
000000000000000
000000000000100
111111111111011
000000000000110
000000000000001
111111111111110
000000000000101
111111111111010
000000000000001
000000000000010
000000000001001
000000000000010
000000000000001
111111111111111
000000000001001
111111111111110
000000000001001
000000000001011
111111111111101
000000000001011
000000000000100
000000000000110
111111111111111
000000000000001
000000000000000
000000000000001
000000000000111
000000000000010
000000000000101
111111111111111
000000000001010
111111111111010
000000000000100
111111111111101
000000000000011
000000000000100
000000000000000
111111111111000
000000000000011
000000000000000
000000000001111
000000000000011
000000000000001
000000000000100
111111111111110
111111111111011
111111111111100
000000000000110
000000000000100
000000000000100
111111111111100
000000000000101
000000000000101
000000000000110
000000000000100
111111111111111
111111111111110
000000000000100
000000000001111
000000000000101
111111111111010
000000000001000
000000000000001
000000000000001
111111111111010
111111111111010
000000000000011
000000000000101
000000000000001
000000000000010
111111111111010
000000000001000
000000000000111
000000000000000
000000000000000
000000000000001
111111111111110
000000000000000
000000000001011
000000000000001
111111111111101
000000000000010
111111111111100
000000000000110
111111111111111
000000000000010
111111111111111
000000000000110
000000000000011
111111111111100
000000000000110
000000000000000
000000000000100
111111111111110
111111111111101
111111111111110
000000000000011
000000000000000
000000000001010
111111111111101
000000000001011
000000000000111
000000000001100
111111111111110
000000000000000
000000000000001
000000000001010
000000000000000
000000000001000
000000000000000
000000000000000
000000000000010
000000000000011
000000000001010
000000000000101
111111111111111
111111111111101
000000000000000
111111111111110
111111111111001
000000000001000
000000000000010
000000000000000
111111111111110
111111111111101
111111111111011
000000000001011
000000000000001
000000000000100
111111111111011
000000000000011
000000000000000
000000000000001
000000000001000
111111111111010
111111111111010
000000000000000
000000000000011
000000000001100
000000000000110
111111111111100
111111111111100
000000000001001
000000000000100
000000000000100
000000000000000
000000000000000
000000000000001
000000000000001
111111111111111
000000000000111
000000000000010
000000000001000
000000000000100
000000000000000
111111111111010
111111111111011
111111111111100
000000000001001
000000000000010
000000000000001
000000000000111
000000000001000
111111111111011
111111111111011
111111111111110
111111111111011
000000000000011
111111111111110
000000000000010
000000000000001
000000000000001
000000000000001
000000000000010
111111111111110
000000000000000
000000000000000
000000000000000
000000000000111
000000000000100
111111111111111
000000000000011
111111111111010
111111111111100
111111111111011
000000000000000
000000000000111
111111111111011
111111111111000
111111111111011
000000000000000
111111111111010
000000000001000
111111111111010
000000000000011
000000000000010
000000000001001
000000000000101
000000000000010
111111111111001
000000000000010
000000000001001
000000000000000
000000000000110
000000000000100
000000000000110
000000000000100
000000000000100
000000000000101
000000000000001
000000000000010
000000000000100
000000000000111
111111111111011
111111111111010
111111111111010
000000000000011
000000000000101
000000000000001
000000000000100
111111111111101
000000000000101
000000000000010
111111111111101
111111111111111
000000000000100
000000000000000
000000000000010
000000000000010
000000000000011
000000000000011
000000000000010
111111111111110
000000000000011
000000000000000
111111111111011
000000000000000
000000000000111
111111111111111
000000000000000
111111111111001
111111111111110
111111111111100
111111111111110
000000000000000
000000000000101
000000000000111
111111111111001
111111111111110
000000000000000
000000000000110
111111111111010
111111111111001
111111111111010
000000000001100
111111111111011
000000000000001
000000000001010
000000000000011
000000000001010
000000000000001
000000000000000
111111111111101
111111111111110
000000000000101
000000000000100
000000000001000
000000000000101
111111111111100
000000000001011
000000000001000
000000000000010
111111111111111
000000000000011
000000000001010
000000000000010
000000000000101
111111111111100
111111111111011
111111111111111
000000000001111
000000000000001
111111111111011
000000000000000
111111111111101
000000000000000
111111111111111
000000000001000
000000000000101
000000000000000
000000000000101
000000000000000
000000000000000
000000000001001
000000000000100
111111111111110
111111111111110
111111111111111
000000000000111
000000000000011
000000000000010
111111111111110
000000000000100
000000000000010
000000000000010
111111111111111
000000000000000
111111111111101
000000000000000
111111111111111
111111111111111
000000000001001
000000000000001
000000000001010
000000000000101
111111111111011
000000000001000
000000000001100
111111111111110
111111111111110
000000000000001
111111111111110
000000000000100
000000000000100
000000000000101
000000000000000
000000000001000
000000000000111
000000000000000
111111111111110
000000000001011
111111111111001
000000000000011
111111111111001
000000000000010
111111111111100
000000000000100
111111111111010
000000000001000
000000000000100
000000000000011
000000000000000
000000000001000
000000000000000
111111111111111
000000000000011
000000000000010
000000000000100
000000000001001
000000000001010
000000000000110
000000000001100
000000000001100
000000000000111
111111111111111
000000000000010
000000000000011
000000000000111
000000000000011
000000000000010
111111111111110
000000000001001
111111111111110
000000000000000
111111111111111
111111111111001
000000000000111
111111111111111
000000000000100
000000000000011
000000000001000
111111111111110
000000000000000
000000000001001
000000000000000
111111111111101
000000000001000
111111111111100
000000000000001
000000000001010
000000000000011
111111111111010
000000000000101
111111111111011
000000000001001
000000000000110
000000000000000
111111111111111
000000000000101
000000000001010
111111111111110
111111111111111
000000000000011
000000000001000
111111111111110
111111111111010
111111111111100
111111111111101
000000000000100
000000000000010
000000000001000
000000000000010
000000000000111
111111111111111
111111111111100
000000000000111
111111111111111
111111111111111
000000000000011
000000000000001
111111111111111
000000000001001
000000000001000
111111111111010
111111111111011
000000000000000
111111111111101
111111111111011
000000000000101
000000000000000
000000000000010
000000000000000
000000000000000
111111111111111
000000000000010
111111111111000
000000000000111
000000000000000
111111111111110
000000000000010
000000000000101
111111111111000
000000000000110
111111111111110
111111111111010
000000000001000
000000000001010
000000000000000
000000000000100
000000000000000
000000000000001
000000000001010
000000000000000
000000000001000
111111111111011
000000000000010
000000000001100
000000000000110
000000000000111
000000000000100
000000000000100
111111111110111
000000000000111
111111111111100
111111111111000
000000000000011
111111111111110
111111111111111
111111111111100
000000000000000
000000000000010
000000000000010
000000000000111
000000000000011
000000000000011
000000000000101
000000000000100
000000000000000
000000000000101
000000000000110
000000000000001
111111111111110
000000000000100
111111111111101
111111111111101
111111111111001
111111111111011
111111111111110
000000000000001
111111111111010
111111111111110
000000000000010
111111111111101
111111111111111
111111111111100
111111111111101
000000000000100
000000000000010
111111111111001
111111111111010
111111111111111
000000000000001
111111111111011
111111111111010
000000000001011
000000000000101
000000000000011
000000000001010
111111111111010
000000000001100
000000000000010
000000000000101
000000000000001
111111111111000
000000000000100
111111111111011
000000000000101
000000000000000
000000000000000
000000000000101
000000000001011
111111111111101
111111111111101
000000000001011
000000000000100
111111111111111
111111111111100
000000000000000
000000000000000
000000000000111
000000000000000
000000000000101
111111111111101
000000000000000
000000000000000
000000000000100
000000000000001
000000000000111
000000000000011
000000000000000
000000000000000
000000000000101
000000000000100
000000000001001
000000000000110
000000000000111
000000000000111
000000000000110
000000000000000
000000000000100
111111111111001
000000000000101
000000000000001
111111111111010
000000000000000
111111111111110
000000000000000
000000000000001
111111111111111
000000000000010
111111111111101
111111111111100
000000000000100
000000000000111
000000000000010
111111111111101
000000000000001
000000000000000
000000000000000
000000000000011
111111111111100
111111111111110
111111111111100
111111111111111
000000000000110
000000000000011
000000000000110
000000000000100
111111111111100
111111111111100
000000000000110
111111111111001
111111111111101
000000000000000
000000000000000
111111111111111
000000000000001
111111111111001
111111111111111
000000000000011
000000000000111
111111111111101
000000000000000
111111111111111
000000000000101
000000000000100
000000000000011
000000000000011
000000000000000
000000000000111
000000000000101
000000000000001
000000000001011
000000000000000
000000000000001
000000000000101
000000000000100
111111111111111
000000000000000
000000000000100
111111111111011
000000000001000
111111111111101
000000000000001
000000000000000
000000000000000
000000000000011
111111111111101
111111111111011
111111111111001
000000000000100
111111111111111
000000000000000
000000000000100
000000000000000
000000000000000
000000000000110
111111111111000
000000000000111
000000000000100
000000000000110
111111111111001
000000000000001
000000000000101
000000000000001
000000000000011
111111111111000
000000000000000
000000000000100
000000000000110
000000000000000
000000000000000
000000000001011
111111111111100
000000000000011
111111111111110
111111111111110
111111111111001
000000000001011
111111111111111
000000000000101
000000000000001
000000000000010
111111111111001
000000000000001
000000000000011
111111111111000
000000000000010
000000000000000
111111111111001
111111111111101
000000000001000
000000000001000
000000000000000
000000000000101
000000000000000
111111111111011
000000000000000
000000000000001
000000000000011
111111111111010
000000000000000
111111111111111
111111111111111
111111111111101
000000000000100
000000000000100
000000000000000
111111111111111
000000000000000
000000000000001
000000000000010
000000000001000
111111111111111
111111111111110
000000000000101
000000000000111
000000000000011
111111111111111
111111111111011
111111111111110
111111111111110
000000000000110
111111111111100
000000000000100
000000000000101
000000000000000
111111111111110
000000000000000
111111111111101
000000000000101
111111111110111
