000000001000010
000000001001111
000000001011010
000000010000011
000000001101001
000000001110110
000000000110100
000000001001101
000000010100110
000000010001010
000000001000101
000000001111011
000000001101100
000000010011010
000000100000010
000000000111001
000000001001111
000000001000010
000000100001001
000000010010100
000000010001111
000000001001011
000000001110101
000000000101101
000000000110110
000000011111001
000000001010000
000000001011010
000000010001001
000000001000001
000000000110110
000000001001110
000000001111111
000000001010001
000000010011001
000000001100010
000000001100010
000000001110000
000000010110001
000000000111001
000000001001100
000000010111010
000000011100010
000000001010100
000000011010001
000000011101000
000000011111100
000000100011110
000000001100011
000000010000000
000000001011110
000000010001111
000000001100100
000000000101100
000000001110010
000000010101110
000000001001010
000000001100001
000000010100010
000000010010011
000000001111001
000000010001100
000000001100010
000000011001011
000000010101000
000000001101111
000000001101101
000000001001101
000000011100101
000000010011101
000000000111011
000000001001011
000000010001111
000000010101110
000000001100101
000000001000100
000000010010101
000000001001110
000000001011101
000000010001011
000000000111000
000000100011001
000000010001100
000000001000101
000000001111111
000000001011000
000000010111111
000000001000011
000000000111000
000000010011101
000000010000000
000000001000010
000000001010011
000000000111111
000000010110101
000000000111110
000000001000101
000000001011010
000000001110011
000000011110101
000000001011000
000000010110110
000000001100111
000000001001111
000000001111111
000000010000011
000000011011000
000000010110001
000000010101000
000000001011110
000000000111110
000000001010011
000000011010110
000000001001001
000000001100111
000000001101010
000000001101111
000000010000001
000000110010000
000000000101111
000000001100000
000000000111010
000000001001001
000000001001011
000000010010000
000000010110010
000000001101110
000000001101111
000000010000011
000000001111001
000000010000010
000000011000010
000000001100110
000000001010100
000000010110110
000000011010010
000000011110000
000000001011101
000000001011111
000000010001000
000000011000000
000000001100100
000000001001011
000000001001100
000000001001000
000000001110000
000000011010010
000000001000111
000000001001100
000000011111100
000000001110001
000000010010001
000000001011011
000000010011000
000000010101000
000000001000011
000000001000000
000000001111100
000000010110110
000000001000010
000000010010111
000000001101011
000000001100110
000000001000101
000000001001011
000000010001110
000000010101000
000000001101001
000000001110110
000000000110100
000000010101001
000000000111011
000000001000110
000000010000001
000000001010001
000000001111010
000000001110110
000000001011111
000000011011110
000000010011101
000000100000011
000000011010100
000000100110000
000000001110000
000000000110011
000000001100101
000000010000010
000000001011101
000000011000011
000000001100001
000000011110011
000000001001000
000000000110110
000000001100101
000000001010110
000000001001001
000000001100000
000000001011100
000000000101011
000000001010111
000000010111010
000000000111011
000000001011000
000000000101110
000000000111010
000000001101100
000000001000010
000000010001000
000000010001111
000000010010000
000000010000111
000000001100110
000000001100110
000000010011001
000000010110110
000000001010100
000000001111101
000000001101100
000000001101000
000000001111000
000000001010100
000000001100101
000000010001011
000000010110010
000000001001010
000000001111100
000000001000011
000000001011010
000000001000101
000000001010011
000000010000011
000000001011111
000000001001110
000000000110100
000000001101011
000000001011100
000000011101001
000000001011101
000000000101111
000000011001101
