000000010010000
000000010101010
000000010001111
000010101110000
000000001001101
000000001001101
000000001101000
000000010011000
000000011111101
000000000101010
000000011010101
000000011000101
000000001101101
000000001000000
000000001001000
000000001001100
000000001011101
000000011110000
000000001110111
000000000110101
000000001000101
000000001010101
000000010100100
000000000111001
000000010101100
000000001111111
000000110011001
000000010010000
000000000011111
000000001000100
000000001111110
000000101101011
000000001110110
000000110010000
000000000010111
000000001110001
000000001010010
000000001001011
000000000101100
000000101011100
000000000101010
000000001001000
000000001011000
000000110000110
000000010101001
000000010001000
000000001000000
000000010001100
000000011111100
000000010111111
000000000111010
000000001110110
000000011101110
000000010011100
000000010110110
000000001011100
000000001001100
000000000101111
000000000111100
000000100101001
000010000001011
000000001000010
000000011010001
000000011000111
000000001000010
000000000110110
000000001101101
000000010110000
000000011000001
000000100011110
000000000110101
000000000100110
000000001000100
000000001011001
000000010111101
000000001001000
000000000111101
000000010111101
000000001011100
000000010010100
000000101110110
000000001110111
000000010010011
000000010110011
000000010100000
000000010010100
000000001000010
000000010010100
000000000011110
000000001001001
000000001111001
000000000111001
000000001001011
000000000110011
000000000100101
000000001101110
000000100001110
000000000100100
000000001100000
000000110010111
000000001101100
000000000111100
000000011100011
000000001000110
000001001011010
000010001111111
000000001000100
000000010110010
000001011011011
000000001111010
000000010001100
000000011010110
000000111101111
000000010011001
000000011011011
000000010011010
000000001010000
000000011010011
000000011000010
000000010000100
000000001110010
000000000110111
000000101000101
000000000101111
000000001111100
000000001100011
000000000101100
000000001100011
000000001111110
000000001100010
000000000101111
000000010100111
000000001010000
000000010100111
000000001000001
000000000110001
000000010011101
000000000101100
000000011001010
000000001011000
000000011011100
000000001000101
000000000101011
000000001100101
000000010011000
000000100100010
000000010011100
000000000100110
000000011111100
000000001011101
000000010010001
000000010111110
000000000110010
000000011111010
000000000101111
000000001110110
000000001110000
000000001001011
000000001010000
000000011010010
000000000110111
000000001000011
000000100110110
000000100111001
000000010000100
000000000110011
000000110111001
000001000000111
000000001011010
000000100000001
000000000101010
000000001010111
000000011101111
000000000101110
000000000101100
000000010000011
000000001000011
000000011101100
000000010010100
000000001110010
000000101111000
000000010001111
000000001111010
000000111101001
000000000111100
000000001101100
000000100100001
000000110111000
000000001011111
000000010111100
000000001010110
000000000101101
000000010110000
000000100001011
000000010010011
000000001100000
000000010110010
000000000110101
000000001001110
000000100011110
000000011100001
000000010011001
000000000101100
000000001101001
000000101001001
000000010001011
000000001010111
000000001111010
000000100001010
000000000111011
000000011000001
000000111011000
000000011101100
000000000110010
000000001011010
000000001111100
000000100111010
000000011101110
000000010110011
000000001010011
000000010011110
000000000110000
000000001001101
000000001110111
000000100110000
000000001100101
000000011001011
000000010010011
000000000100100
000000100000011
000000001010100
000000010001111
000000010000110
000000001100111
000000011101011
000000111111111
000000001000010
000000010000000
000000101110100
000000001100011
000000000111001
000000001100000
000000010001111
000000000111111
000000000101011
000000011001101
000000000100100
000000010000111
000000011001011
000000000111101
000000010011101
000000010011101
000000010000110
000000000100110
000000101010001
000000000110111
