1.7265625 1.6484375 0.078125 0.00020345052083333334
-1.6484375 -1.6328125 0.015625 0.000244140625
0.765625 0.765625 0.0 0.000244140625
-0.3046875 -0.296875 0.0078125 0.0002644856770833333
1.515625 1.4453125 0.0703125 0.0004475911458333333
-1.46875 -1.40625 0.0625 0.0006103515625
0.6015625 0.5390625 0.0625 0.0007731119791666666
1.0234375 0.9375 0.0859375 0.0009969075520833333
0.1015625 0.1640625 0.0625 0.00115966796875
1.0 0.921875 0.078125 0.0013631184895833333
0.7578125 0.75 0.0078125 0.0013834635416666665
0.46875 0.46875 0.0 0.0013834635416666665
1.4609375 1.3828125 0.078125 0.0015869140624999998
-0.78125 -0.7421875 0.0390625 0.0016886393229166665
0.7734375 0.765625 0.0078125 0.0017089843749999998
0.7578125 0.6953125 0.0625 0.0018717447916666665
-0.4921875 -0.484375 0.0078125 0.0018920898437499998
-1.0546875 -1.09375 0.0390625 0.0019938151041666665
0.78125 0.734375 0.046875 0.0021158854166666665
0.9375 0.8984375 0.0390625 0.002217610677083333
1.5390625 1.5078125 0.03125 0.0022989908854166665
0.7109375 0.640625 0.0703125 0.0024820963541666665
-0.0859375 -0.109375 0.0234375 0.0025431315104166665
0.75 0.6875 0.0625 0.002705891927083333
0.90625 0.84375 0.0625 0.0028686523437499996
-0.5390625 -0.578125 0.0390625 0.002970377604166666
0.296875 0.296875 0.0 0.002970377604166666
-1.3671875 -1.328125 0.0390625 0.0030721028645833326
-0.0546875 -0.1171875 0.0625 0.003234863281249999
-1.8046875 -1.71875 0.0859375 0.0034586588541666657
1.0625 0.96875 0.09375 0.0037027994791666657
-0.296875 -0.359375 0.0625 0.003865559895833332
1.2109375 1.234375 0.0234375 0.003926595052083332
-0.4375 -0.4453125 0.0078125 0.003946940104166665
-0.53125 -0.4921875 0.0390625 0.004048665364583332
0.8203125 0.796875 0.0234375 0.004109700520833332
1.453125 1.34375 0.109375 0.004394531249999999
-0.875 -0.875 0.0 0.004394531249999999
1.7578125 1.6953125 0.0625 0.004557291666666666
1.0546875 1.015625 0.0390625 0.004659016927083333
-0.6171875 -0.6328125 0.015625 0.00469970703125
0.296875 0.2265625 0.0703125 0.0048828125
-0.046875 -0.1015625 0.0546875 0.005025227864583333
-0.359375 -0.390625 0.03125 0.005106608072916666
2.3359375 2.28125 0.0546875 0.005249023437499999
1.5078125 1.3984375 0.109375 0.005533854166666666
0.46875 0.3984375 0.0703125 0.005716959635416666
-0.625 -0.6796875 0.0546875 0.005859374999999999
0.3828125 0.3359375 0.046875 0.005981445312499999
-0.1171875 -0.15625 0.0390625 0.006083170572916666
0.1171875 0.1328125 0.015625 0.006123860677083333
-1.34375 -1.3046875 0.0390625 0.0062255859375
-0.3828125 -0.4140625 0.03125 0.006306966145833333
-1.2734375 -1.2109375 0.0625 0.0064697265625
0.703125 0.625 0.078125 0.006673177083333333
-0.203125 -0.2578125 0.0546875 0.006815592447916666
1.078125 1.1015625 0.0234375 0.006876627604166666
-0.4375 -0.4296875 0.0078125 0.006896972656249999
-0.5078125 -0.4765625 0.03125 0.006978352864583332
0.4609375 0.4296875 0.03125 0.007059733072916665
0.65625 0.59375 0.0625 0.007222493489583332
-0.3515625 -0.359375 0.0078125 0.007242838541666665
1.1875 1.1328125 0.0546875 0.007385253906249998
0.4375 0.4140625 0.0234375 0.007446289062499998
-0.1953125 -0.234375 0.0390625 0.007548014322916665
-0.0234375 -0.0703125 0.046875 0.007670084635416665
0.390625 0.34375 0.046875 0.007792154947916665
-0.3984375 -0.40625 0.0078125 0.007812499999999998
1.8828125 1.8125 0.0703125 0.007995605468749998
1.4453125 1.3515625 0.09375 0.008239746093749998
0.5546875 0.5 0.0546875 0.008382161458333332
-0.578125 -0.625 0.046875 0.008504231770833332
0.234375 0.1953125 0.0390625 0.008605957031249998
0.0546875 0.03125 0.0234375 0.008666992187499998
0.515625 0.4921875 0.0234375 0.008728027343749998
-0.6015625 -0.6015625 0.0 0.008728027343749998
-0.4140625 -0.4296875 0.015625 0.008768717447916664
-0.3828125 -0.359375 0.0234375 0.008829752604166664
0.03125 0.015625 0.015625 0.00887044270833333
0.234375 0.203125 0.03125 0.008951822916666664
1.1328125 1.125 0.0078125 0.008972167968749998
-0.5078125 -0.5078125 0.0 0.008972167968749998
-0.3828125 -0.3671875 0.015625 0.009012858072916664
0.984375 0.953125 0.03125 0.009094238281249998
-0.1015625 -0.140625 0.0390625 0.009195963541666664
-0.1875 -0.2109375 0.0234375 0.009256998697916664
0.359375 0.3671875 0.0078125 0.009277343749999998
0.40625 0.40625 0.0 0.009277343749999998
-0.625 -0.640625 0.015625 0.009318033854166664
0.203125 0.171875 0.03125 0.009399414062499998
0.296875 0.28125 0.015625 0.009440104166666664
0.0 -0.015625 0.015625 0.00948079427083333
1.15625 1.109375 0.046875 0.00960286458333333
0.578125 0.546875 0.03125 0.009684244791666664
0.359375 0.328125 0.03125 0.009765624999999998
0.0625 0.0078125 0.0546875 0.009908040364583332
-1.0625 -1.0625 0.0 0.009908040364583332
-0.671875 -0.71875 0.046875 0.010030110677083332
-1.390625 -1.390625 0.0 0.010030110677083332
-0.6796875 -0.6640625 0.015625 0.010070800781249998
-2.046875 -2.0 0.046875 0.010192871093749998
-1.2890625 -1.2109375 0.078125 0.010396321614583332
-0.4140625 -0.4609375 0.046875 0.010518391927083332
0.3125 0.265625 0.046875 0.010640462239583332
-0.0859375 -0.046875 0.0390625 0.010742187499999998
-0.7265625 -0.6015625 0.125 0.011067708333333332
-0.359375 -0.3359375 0.0234375 0.011128743489583332
-1.5 -1.4609375 0.0390625 0.011230468749999998
-2.328125 -2.2265625 0.1015625 0.011494954427083332
0.828125 0.7890625 0.0390625 0.011596679687499998
-0.15625 -0.2109375 0.0546875 0.011739095052083332
-1.8984375 -1.8515625 0.046875 0.011861165364583332
1.734375 1.5625 0.171875 0.012308756510416666
0.0 -0.015625 0.015625 0.012349446614583332
0.046875 0.0078125 0.0390625 0.012451171874999998
-0.4609375 -0.4296875 0.03125 0.012532552083333332
1.09375 1.0390625 0.0546875 0.012674967447916666
1.21875 1.1796875 0.0390625 0.012776692708333332
-1.4453125 -1.4140625 0.03125 0.012858072916666666
-0.171875 -0.1796875 0.0078125 0.01287841796875
-0.46875 -0.5234375 0.0546875 0.013020833333333334
0.0703125 0.0078125 0.0625 0.01318359375
-1.1875 -1.1796875 0.0078125 0.013203938802083334
-1.78125 -1.765625 0.015625 0.01324462890625
-2.4765625 -2.359375 0.1171875 0.0135498046875
-0.1953125 -0.1484375 0.046875 0.013671875
-1.0625 -1.109375 0.046875 0.0137939453125
0.8046875 0.7578125 0.046875 0.013916015625
0.1328125 0.15625 0.0234375 0.01397705078125
-1.0625 -0.9375 0.125 0.014302571614583334
-0.8359375 -0.8046875 0.03125 0.014383951822916668
-1.234375 -1.28125 0.046875 0.014506022135416668
-1.7578125 -1.6640625 0.09375 0.014750162760416668
0.0390625 0.0234375 0.015625 0.014790852864583334
-0.5078125 -0.5703125 0.0625 0.01495361328125
-1.7421875 -1.734375 0.0078125 0.014973958333333334
0.625 0.5703125 0.0546875 0.015116373697916668
0.4296875 0.4140625 0.015625 0.015157063802083334
0.921875 0.8359375 0.0859375 0.015380859375
0.765625 0.7109375 0.0546875 0.015523274739583334
0.84375 0.7734375 0.0703125 0.015706380208333336
-1.171875 -1.140625 0.03125 0.015787760416666668
-0.828125 -0.8046875 0.0234375 0.015848795572916668
0.2109375 0.1796875 0.03125 0.01593017578125
-0.5546875 -0.59375 0.0390625 0.016031901041666668
0.296875 0.25 0.046875 0.016153971354166668
-0.9140625 -0.921875 0.0078125 0.01617431640625
-1.1015625 -1.109375 0.0078125 0.016194661458333332
-1.9609375 -1.8671875 0.09375 0.016438802083333332
0.3515625 0.3515625 0.0 0.016438802083333332
-1.0546875 -1.0703125 0.015625 0.0164794921875
0.6171875 0.5859375 0.03125 0.016560872395833332
-0.1015625 -0.09375 0.0078125 0.016581217447916664
-0.90625 -0.8125 0.09375 0.016825358072916664
-0.578125 -0.5546875 0.0234375 0.016886393229166664
-0.96875 -1.015625 0.046875 0.017008463541666664
-1.6640625 -1.578125 0.0859375 0.017232259114583332
0.1953125 0.1640625 0.03125 0.017313639322916664
-0.8046875 -0.8671875 0.0625 0.017476399739583332
-1.5078125 -1.4921875 0.015625 0.01751708984375
0.4765625 0.4453125 0.03125 0.017598470052083332
0.40625 0.390625 0.015625 0.01763916015625
0.5703125 0.53125 0.0390625 0.017740885416666668
0.5390625 0.4765625 0.0625 0.017903645833333336
-0.0390625 -0.0859375 0.046875 0.018025716145833336
-1.3359375 -1.296875 0.0390625 0.018127441406250003
-0.515625 -0.4921875 0.0234375 0.018188476562500003
0.125 0.109375 0.015625 0.01822916666666667
-0.1484375 -0.1875 0.0390625 0.01833089192708334
0.2265625 0.203125 0.0234375 0.01839192708333334
-0.2265625 -0.2265625 0.0 0.01839192708333334
-0.1640625 -0.203125 0.0390625 0.018493652343750007
-1.1875 -1.15625 0.03125 0.01857503255208334
0.515625 0.5 0.015625 0.018615722656250007
-0.9140625 -0.90625 0.0078125 0.01863606770833334
0.7421875 0.703125 0.0390625 0.018737792968750007
0.1640625 0.140625 0.0234375 0.018798828125000007
-0.1640625 -0.140625 0.0234375 0.018859863281250007
-0.7578125 -0.7265625 0.03125 0.01894124348958334
-1.078125 -1.109375 0.03125 0.01902262369791667
-0.6328125 -0.578125 0.0546875 0.019165039062500003
-0.078125 -0.1015625 0.0234375 0.019226074218750003
-0.140625 -0.1875 0.046875 0.019348144531250003
-0.7890625 -0.8046875 0.015625 0.01938883463541667
0.359375 0.3515625 0.0078125 0.019409179687500003
0.578125 0.5546875 0.0234375 0.019470214843750003
0.609375 0.578125 0.03125 0.019551595052083336
0.640625 0.5859375 0.0546875 0.019694010416666668
-0.5234375 -0.546875 0.0234375 0.019755045572916668
-0.8671875 -0.8203125 0.046875 0.019877115885416668
-0.7890625 -0.765625 0.0234375 0.019938151041666668
0.453125 0.4296875 0.0234375 0.019999186197916668
-1.546875 -1.4921875 0.0546875 0.0201416015625
1.3671875 1.3203125 0.046875 0.020263671875
-1.0859375 -1.109375 0.0234375 0.02032470703125
0.515625 0.4609375 0.0546875 0.020467122395833332
-1.7734375 -1.734375 0.0390625 0.02056884765625
1.40625 1.3046875 0.1015625 0.020833333333333332
-0.7421875 -0.7109375 0.03125 0.020914713541666664
-0.8515625 -0.8046875 0.046875 0.021036783854166664
-0.0703125 -0.140625 0.0703125 0.021219889322916664
-1.0390625 -0.9921875 0.046875 0.021341959635416664
-0.859375 -0.8671875 0.0078125 0.021362304687499997
-0.5234375 -0.5546875 0.03125 0.02144368489583333
-1.4765625 -1.421875 0.0546875 0.02158610026041666
0.703125 0.6328125 0.0703125 0.02176920572916666
-0.5703125 -0.6171875 0.046875 0.02189127604166666
-0.640625 -0.6171875 0.0234375 0.02195231119791666
0.4375 0.421875 0.015625 0.02199300130208333
1.1875 1.1796875 0.0078125 0.02201334635416666
-0.9375 -0.9140625 0.0234375 0.02207438151041666
-0.890625 -0.8984375 0.0078125 0.022094726562499993
-1.421875 -1.4296875 0.0078125 0.022115071614583325
-0.5859375 -0.5546875 0.03125 0.022196451822916657
0.1796875 0.1796875 0.0 0.022196451822916657
-0.7890625 -0.7578125 0.03125 0.02227783203124999
-0.859375 -0.8125 0.046875 0.02239990234374999
0.6875 0.6640625 0.0234375 0.02246093749999999
-0.03125 -0.078125 0.046875 0.02258300781249999
1.25 1.1484375 0.1015625 0.022847493489583322
0.0546875 0.0703125 0.015625 0.02288818359374999
1.84375 1.703125 0.140625 0.02325439453124999
-1.015625 -0.9765625 0.0390625 0.023356119791666657
0.40625 0.4140625 0.0078125 0.02337646484374999
-1.140625 -1.1796875 0.0390625 0.023478190104166657
0.3046875 0.265625 0.0390625 0.023579915364583325
0.3828125 0.328125 0.0546875 0.023722330729166657
-0.859375 -0.8984375 0.0390625 0.023824055989583325
-1.0078125 -0.9453125 0.0625 0.023986816406249993
0.5703125 0.515625 0.0546875 0.024129231770833325
-1.453125 -1.453125 0.0 0.024129231770833325
-0.8515625 -0.8671875 0.015625 0.024169921874999993
0.3046875 0.3359375 0.03125 0.024251302083333325
-0.09375 -0.0859375 0.0078125 0.024271647135416657
0.1875 0.203125 0.015625 0.024312337239583325
0.390625 0.34375 0.046875 0.024434407552083325
-2.3515625 -2.3359375 0.015625 0.024475097656249993
-1.3515625 -1.2890625 0.0625 0.02463785807291666
-0.171875 -0.15625 0.015625 0.02467854817708333
0.5234375 0.515625 0.0078125 0.02469889322916666
-0.3828125 -0.3671875 0.015625 0.02473958333333333
0.515625 0.5 0.015625 0.024780273437499997
0.4375 0.3828125 0.0546875 0.02492268880208333
1.4140625 1.3046875 0.109375 0.025207519531249997
0.65625 0.625 0.03125 0.02528889973958333
1.578125 1.4375 0.140625 0.02565511067708333
-0.6171875 -0.578125 0.0390625 0.025756835937499997
0.3203125 0.3203125 0.0 0.025756835937499997
-0.7578125 -0.796875 0.0390625 0.025858561197916664
0.515625 0.421875 0.09375 0.026102701822916664
0.4296875 0.375 0.0546875 0.026245117187499997
-0.171875 -0.2109375 0.0390625 0.026346842447916664
-0.09375 -0.09375 0.0 0.026346842447916664
0.2109375 0.15625 0.0546875 0.026489257812499997
-0.8671875 -0.875 0.0078125 0.02650960286458333
0.0625 0.03125 0.03125 0.02659098307291666
-0.265625 -0.2109375 0.0546875 0.026733398437499993
-0.0390625 -0.0625 0.0234375 0.026794433593749993
-0.0859375 -0.0703125 0.015625 0.02683512369791666
0.296875 0.234375 0.0625 0.02699788411458333
-2.0234375 -1.9921875 0.03125 0.02707926432291666
-0.90625 -0.8671875 0.0390625 0.02718098958333333
0.25 0.234375 0.015625 0.027221679687499997
0.4375 0.4296875 0.0078125 0.02724202473958333
-0.4609375 -0.4140625 0.046875 0.02736409505208333
0.2109375 0.2109375 0.0 0.02736409505208333
-0.2421875 -0.2578125 0.015625 0.027404785156249997
0.421875 0.390625 0.03125 0.02748616536458333
0.8125 0.78125 0.03125 0.02756754557291666
0.5234375 0.453125 0.0703125 0.02775065104166666
0.1484375 0.125 0.0234375 0.02781168619791666
-0.5390625 -0.53125 0.0078125 0.027832031249999993
-1.09375 -1.078125 0.015625 0.02787272135416666
0.7578125 0.6953125 0.0625 0.02803548177083333
0.65625 0.5859375 0.0703125 0.02821858723958333
-0.6484375 -0.65625 0.0078125 0.02823893229166666
0.0234375 0.0234375 0.0 0.02823893229166666
0.59375 0.5546875 0.0390625 0.02834065755208333
-0.84375 -0.859375 0.015625 0.028381347656249997
-0.3984375 -0.4296875 0.03125 0.02846272786458333
0.6484375 0.6640625 0.015625 0.028503417968749997
-0.859375 -0.8359375 0.0234375 0.028564453124999997
0.203125 0.1875 0.015625 0.028605143229166664
-0.2734375 -0.2734375 0.0 0.028605143229166664
-1.6015625 -1.5703125 0.03125 0.028686523437499997
-0.328125 -0.3359375 0.0078125 0.02870686848958333
0.1796875 0.15625 0.0234375 0.02876790364583333
-0.0078125 -0.0078125 0.0 0.02876790364583333
-0.8203125 -0.7890625 0.03125 0.02884928385416666
1.875 1.859375 0.015625 0.02888997395833333
1.7421875 1.7265625 0.015625 0.028930664062499997
-0.3671875 -0.3828125 0.015625 0.028971354166666664
1.0234375 0.984375 0.0390625 0.029073079427083332
0.9765625 0.90625 0.0703125 0.029256184895833332
0.5078125 0.53125 0.0234375 0.029317220052083332
-0.484375 -0.4765625 0.0078125 0.029337565104166664
0.5625 0.5390625 0.0234375 0.029398600260416664
0.2265625 0.1328125 0.09375 0.029642740885416664
-0.078125 -0.09375 0.015625 0.029683430989583332
0.4375 0.390625 0.046875 0.029805501302083332
1.1796875 1.1328125 0.046875 0.029927571614583332
-0.0703125 -0.1171875 0.046875 0.030049641927083332
0.140625 0.15625 0.015625 0.03009033203125
0.5234375 0.515625 0.0078125 0.030110677083333332
-0.65625 -0.5859375 0.0703125 0.030293782552083332
-0.2265625 -0.234375 0.0078125 0.030314127604166664
1.1484375 1.125 0.0234375 0.030375162760416664
-0.296875 -0.328125 0.03125 0.030456542968749997
-0.6875 -0.703125 0.015625 0.030497233072916664
0.53125 0.5234375 0.0078125 0.030517578124999997
0.9453125 0.875 0.0703125 0.030700683593749997
-0.15625 -0.1953125 0.0390625 0.030802408854166664
-0.2734375 -0.2578125 0.015625 0.030843098958333332
0.71875 0.7421875 0.0234375 0.030904134114583332
0.9296875 0.9140625 0.015625 0.03094482421875
1.046875 0.9921875 0.0546875 0.031087239583333332
1.3359375 1.2421875 0.09375 0.03133138020833333
0.921875 0.84375 0.078125 0.031534830729166664
0.09375 0.109375 0.015625 0.03157552083333333
0.125 0.078125 0.046875 0.03169759114583333
0.75 0.7109375 0.0390625 0.03179931640624999
1.3125 1.1875 0.125 0.03212483723958333
0.5 0.4375 0.0625 0.03228759765624999
1.0 0.9609375 0.0390625 0.03238932291666666
0.1875 0.1640625 0.0234375 0.03245035807291666
0.921875 0.8515625 0.0703125 0.03263346354166666
-0.140625 -0.109375 0.03125 0.03271484374999999
0.9375 0.9140625 0.0234375 0.03277587890624999
-0.1875 -0.1875 0.0 0.03277587890624999
-1.5234375 -1.515625 0.0078125 0.03279622395833333
0.859375 0.8515625 0.0078125 0.032816569010416664
-0.296875 -0.28125 0.015625 0.03285725911458333
-0.3125 -0.328125 0.015625 0.03289794921874999
1.609375 1.5546875 0.0546875 0.03304036458333333
1.4609375 1.375 0.0859375 0.03326416015624999
0.3046875 0.2578125 0.046875 0.03338623046874999
0.046875 0.0390625 0.0078125 0.03340657552083333
0.265625 0.28125 0.015625 0.03344726562499999
0.734375 0.71875 0.015625 0.03348795572916666
0.59375 0.5625 0.03125 0.03356933593749999
1.109375 1.015625 0.09375 0.03381347656249999
0.25 0.21875 0.03125 0.03389485677083333
0.25 0.234375 0.015625 0.03393554687499999
0.15625 0.109375 0.046875 0.03405761718749999
0.8125 0.796875 0.015625 0.03409830729166666
1.1328125 1.03125 0.1015625 0.03436279296874999
0.328125 0.2734375 0.0546875 0.03450520833333333
0.890625 0.8515625 0.0390625 0.03460693359374999
0.484375 0.4453125 0.0390625 0.03470865885416666
0.4921875 0.4453125 0.046875 0.03483072916666666
0.28125 0.3125 0.03125 0.03491210937499999
0.984375 0.9453125 0.0390625 0.03501383463541666
-0.234375 -0.2421875 0.0078125 0.03503417968749999
-1.203125 -1.21875 0.015625 0.03507486979166666
0.71875 0.6953125 0.0234375 0.03513590494791666
-0.1015625 -0.09375 0.0078125 0.03515624999999999
0.421875 0.3984375 0.0234375 0.03521728515624999
1.53125 1.46875 0.0625 0.03538004557291666
1.0 0.921875 0.078125 0.03558349609374999
0.3359375 0.28125 0.0546875 0.03572591145833333
0.1171875 0.1171875 0.0 0.03572591145833333
-0.0703125 -0.0625 0.0078125 0.035746256510416664
0.3671875 0.3515625 0.015625 0.03578694661458333
0.15625 0.1484375 0.0078125 0.035807291666666664
0.7578125 0.7109375 0.046875 0.035929361979166664
0.015625 0.0 0.015625 0.03597005208333333
0.203125 0.1796875 0.0234375 0.03603108723958333
0.015625 -0.015625 0.0 0.03603108723958333
0.4609375 0.46875 0.0078125 0.036051432291666664
0.40625 0.3515625 0.0546875 0.03619384765625
0.59375 0.5390625 0.0546875 0.036336263020833336
1.3359375 1.3046875 0.03125 0.03641764322916667
-0.0859375 -0.1328125 0.046875 0.03653971354166667
0.40625 0.375 0.03125 0.03662109375000001
-0.2578125 -0.2265625 0.03125 0.03670247395833334
0.6875 0.671875 0.015625 0.03674316406250001
-0.484375 -0.4921875 0.0078125 0.03676350911458334
-0.9765625 -0.9765625 0.0 0.03676350911458334
0.1171875 0.109375 0.0078125 0.03678385416666668
-0.15625 -0.1484375 0.0078125 0.036804199218750014
0.7109375 0.6953125 0.015625 0.03684488932291668
0.71875 0.6640625 0.0546875 0.036987304687500014
1.0859375 1.03125 0.0546875 0.03712972005208335
0.0234375 -0.0078125 0.015625 0.037170410156250014
