[ 1.68554688
 -1.62207031
  0.78222656
 -0.28344727
  1.48632812
 -1.44506836
  0.58789062
  1.00146484
  0.13476562
  0.96533203
  0.76806641
  0.46508789
  1.43066406
 -0.77636719
  0.77929688
  0.73291016
 -0.48242188
 -1.06713867
  0.77246094
  0.91088867
  1.52636719
  0.70703125
 -0.10205078
  0.72290039]
[ 0.86132812
 -0.55664062
  0.33105469
 -1.34082031
 -0.07617188
 -1.75268555
  1.03759766
 -0.30883789
  1.2421875
 -0.43334961
 -0.50292969
  0.82836914
  1.41113281
 -0.8828125
  1.75048828
  1.046875
 -0.61914062
  0.29150391
 -0.06054688
 -0.37084961
  2.3203125
  1.47412109
  0.453125
 -0.64892578]
[ 0.3515625
 -0.13476562
  0.15527344
 -1.31738281
 -0.39257812
 -1.23120117
  0.68017578
 -0.20922852
  1.09570312
 -0.42749023
 -0.49121094
  0.47094727
  0.63183594
 -0.3671875
  1.18212891
  0.4375
 -0.20898438
 -0.02490234
  0.38476562
 -0.40014648
  1.86328125
  1.41552734
  0.546875
 -0.59033203]
[ 0.21679688
  0.04248047
  0.53173828
 -0.60375977
 -0.4140625
 -0.36108398
  0.03515625
  0.23095703
  1.13085938
 -0.50097656
 -0.37744141
  0.98876953
 -0.11914062
 -0.20483398
  0.37646484
  0.40795898
 -0.62304688
  0.20874023
  0.29101562
 -0.00146484
  1.14257812
  0.56811523
  0.35693359
  0.046875  ]
[-1.04101562
 -0.70703125
 -1.36816406
 -0.66088867
 -2.02832031
 -1.21362305
 -0.44775391
  0.30029297
 -0.09960938
 -0.65917969
 -0.35888672
 -1.46630859
 -2.28710938
  0.81396484
 -0.15966797
 -1.88549805
  1.6640625
  0.00952148
  0.03222656
 -0.42114258
  1.08105469
  1.20410156
 -1.42822266
 -0.18896484]
[-0.48046875
  0.03710938
 -1.1484375
 -1.78100586
 -2.40429688
 -0.1237793
 -1.07421875
  0.81030273
  0.10546875
 -0.97290039
 -0.83447266
 -1.22167969
 -1.72460938
  0.04467773
 -0.49658203
 -1.74633789
  0.625
  0.44238281
  0.89208984
  0.75927734
  0.8203125
 -1.14941406
 -0.81494141
  0.21606445]
[-0.55078125
  0.27148438
 -0.890625
 -1.10717773
 -1.90039062
  0.39770508
 -1.05078125
  0.62866211
 -0.13476562
 -0.83813477
 -0.58251953
 -0.96386719
 -1.63085938
  0.20288086
 -0.79541016
 -1.50610352
  0.47851562
  0.41894531
  0.55810547
  0.53662109
 -0.05859375
 -1.31347656
 -0.50439453
  0.13989258]
[-0.16015625
  0.22021484
 -0.21533203
 -0.17651367
 -1.15527344
  0.53393555
 -0.90039062
  0.73901367
  0.12890625
 -0.13500977
 -0.75439453
 -1.07519531
 -0.62011719
 -0.078125
 -0.14208984
 -0.78930664
  0.36328125
  0.57275391
  0.60253906
  0.63330078
 -0.53320312
 -0.83959961
 -0.77490234
  0.46655273]
[-1.50976562
  1.33886719
 -1.09863281
  0.49829102
 -1.74121094
  1.38793945
 -0.72607422
 -0.83056641
 -0.11132812
 -1.00439453
 -0.86669922
 -0.515625
 -1.4453125
  0.70556641
 -0.58154297
 -0.62133789
  0.4296875
  1.19165039
 -0.921875
 -0.87329102
 -1.41503906
 -0.58398438
  0.19677734
 -0.76171875]
[-0.8203125
  0.69238281
 -0.06445312
  1.21850586
  0.078125
  1.79223633
 -0.98828125
  0.41967773
 -1.171875
  0.30639648
  0.36767578
 -0.86425781
 -0.97070312
  0.58178711
 -1.44873047
 -0.83666992
  0.3203125
 -0.09375
  0.20166016
  0.39111328
 -2.33789062
 -1.31787109
 -0.15576172
  0.54858398]
[-0.36328125
  0.52832031
  0.40429688
  1.38842773
  0.6640625
  1.5168457
 -0.58984375
  0.33178711
 -0.77929688
  0.48803711
  0.42041016
 -0.18457031
 -0.08007812
  0.22436523
 -0.86865234
  0.0715332
 -0.24804688
 -0.046875
 -0.07373047
  0.28564453
 -2.00976562
 -0.88427734
  0.26025391
  0.46069336]
[-0.4375
  0.22802734
 -0.25927734
  0.42651367
  0.80566406
  0.48852539
  0.14746094
 -0.5300293
 -1.078125
  0.73120117
  0.64208984
 -0.65478516
  0.04003906
  0.59619141
 -0.85107422
 -0.39086914
  0.65234375
 -0.84667969
  0.20996094
 -0.26806641
 -1.58203125
 -0.32592773
  0.18310547
  0.0065918 ]
[-0.8203125
  1.86865234
  1.74023438
 -0.37353516
  1.01953125
  0.92431641
  0.52636719
 -0.47851562
  0.56835938
  0.19458008
 -0.07324219
  0.43212891
  1.16210938
 -0.10058594
  0.14208984
  0.55566406
 -0.63476562
 -0.22485352
  1.14892578
 -0.32226562
 -0.69140625
  0.52978516
  0.94042969
 -0.15380859]
[-0.28125
  0.75439453
  0.93164062
  1.04785156
  1.30957031
  0.85986328
  0.11083984
  0.10400391
  0.75585938
  1.24707031
  0.49023438
  0.98803711
  0.19433594
  0.88598633
 -0.13330078
  0.95947266
 -0.19335938
 -1.49707031
  0.86132812
 -0.2980957
 -0.31933594
  1.58764648
  1.45019531
  0.30175781]
[ 0.03515625
  0.29736328
  0.74414062
  0.60253906
  1.08105469
  0.21533203
  0.25732422
  0.13916016
  0.82617188
  1.08300781
  0.32617188
  0.87670898
  0.48144531
  0.4699707
  0.29443359
  0.99462891
 -0.24609375
 -1.19238281
  0.72070312
 -0.10473633
  0.41308594
  1.51147461
  0.99316406
  0.32519531]
[ 0.1171875
 -0.05566406
  0.37353516
  0.16235352
  0.74121094
  0.00219727
  0.20068359
  0.00439453
  0.48046875
  0.37866211
  0.5859375
  1.3293457
 -0.09472656
  0.39111328
 -0.24316406
  0.68603516
 -0.48242188
 -0.96240234
  0.12304688
 -0.15771484
  0.71191406
  0.70605469
  1.07568359
  0.00952148]
