000000011011101
111111100101101
000000001100010
111111111011001
000000011000010
111111101000100
000000001001101
000000010000011
000000000001101
000000010000000
000000001100001
000000000111100
000000010111011
111111110011100
000000001100011
000000001100001
111111111000001
111111101111001
000000001100100
000000001111000
000000011000101
000000001011011
111111111110101
000000001100000
000000001110100
111111110111011
000000000100110
111111101010001
111111111111001
111111100011001
000000010001000
111111111011010
000000010011011
111111111001000
111111110111100
000000001101001
000000010111010
111111110010000
000000011100001
000000010000111
111111110110001
000000000100110
111111111111010
111111111010010
000000100101011
000000011000001
000000000111100
111111110110000
000000000110001
111111111110001
000000000001111
111111101010100
111111111001111
111111101011101
000000001011010
111111111100110
000000010001010
111111111001000
111111110111111
000000000111011
000000001010100
111111111010011
000000010011000
000000000111000
111111111100111
111111111111101
000000000110010
111111111001101
000000011110001
000000010111001
000000001000111
111111110110110
000000000011110
000000000000111
000000001000010
111111110110011
111111111001011
111111111001111
000000000000100
000000000011110
000000010010001
111111110111111
111111111001111
000000001111110
111111111110011
111111111101000
000000000101110
000000000110100
111111110110000
000000000011010
000000000100110
000000000000000
000000010010100
000000001001010
000000000101110
000000000001000
111111101111000
111111110101010
111111101001110
111111110101001
111111011111010
111111101011011
111111111001011
000000000101000
111111111110101
111111110100011
111111111010010
111111101000000
111111011010110
000000001101010
111111111101100
111111100001101
000000011011110
000000000000000
000000000000110
111111111000101
000000010001100
000000010011100
111111101000111
111111111101010
111111111000100
000000000001001
111111101101000
111111100011100
111111011000011
111111111100111
111111101111000
000000001100111
000000000010001
111111101111000
111111110010101
111111101100010
111111100011111
000000000000101
111111110111111
111111100100001
000000001010000
000000000110111
000000001110110
000000001100010
000000001101100
111111101101010
111111110010110
000000000011011
111111110111001
000000000100110
111111110001011
111111101110011
111111100000101
000000000101101
111111101111001
000000001001111
111111111110011
111111110001100
111111110110110
111111110000100
111111100101011
000000000011001
111111110011001
111111100111111
000000000111101
000000000110100
000000001001001
000000001000101
111111111111011
111111101010101
111111110111110
000000000010000
111111111101101
000000000011101
111111111100011
111111111101011
111111101101000
000000001000010
111111110001011
000000001011111
000000000010101
111111111101011
111111110011111
111111101110110
111111110101111
111111111110110
111111111101110
111111110011011
000000000101110
000000001001010
000000001001110
000000001010010
111111110111101
111111110010001
111111110011011
000000000111010
111111100111010
000000010101111
111111101110101
000000001000010
111111100011101
000000010110100
111111110100001
111111110010011
111111111110111
111111101111011
111111110010010
111111110111101
111111101000011
000000001011010
111111110110111
111111110101110
000000000111000
000000010011000
111111110001000
111111110001110
111111101001010
111111110110101
000000000010111
111111110011011
111111110010010
000000001011000
111111111111100
000000010100000
000000000000111
000000011101100
111111101111110
000000000110100
111111101101110
000000000100111
000000000110001
111111110010010
111111101111111
000000001001001
111111101000110
111111110010011
000000000100111
111111111110100
000000000011000
000000000110010
111111011010011
111111101010011
111111111101010
000000001000011
111111111001111
000000001000010
000000000111000
000000010110101
000000001010100
000000011001010
111111110110001
000000000101001
111111110011111
000000001000010
000000000110111
111111111101010
111111111110100
000000000011011
111111110010001
000000000001000
111111111011110
111111111111011
111111111110101
000000000100110
111111011111101
111111110001100
000000000100000
000000000111000
111111111000101
000000000011011
111111111100001
000000000110110
000000001101000
000000001000011
000000000010011
111111110111011
111111101110100
000000001100001
000000001010100
111111110101101
000000000000011
000000001001100
111111110010100
111111111001101
000000001010011
111111110010010
000000000011010
111111111011101
111111100110011
111111111010110
000000000010111
111111111111111
111111110010111
000000011110000
000000011011111
111111111010001
000000010000011
000000001111101
000000001000001
111111111000010
000000001001000
000000000011101
111111111110110
000000000111000
000000010010111
111111111110111
000000000010010
000000001000011
111111110101100
111111111100011
000000010010011
111111111011010
111111110101000
000000001000100
000000001111001
111111111101100
111111111011101
000000001011100
000000001110111
000000010000110
000000010101011
000000001110110
000000000001100
000000000010000
000000001100000
000000010101000
000000001000000
000000010000000
000000000011000
000000001110110
111111111101110
000000001111000
111111111101000
111111100111101
000000001101110
111111111011010
111111111011000
000000011001110
000000010111011
000000000100111
000000000000110
000000000100010
000000001011110
000000001001100
000000010001110
000000000100000
000000000100000
000000000010100
000000001101000
000000010010001
000000000101010
000000001110010
000000000111110
000000000111111
000000000100100
000000001111110
111111111100010
111111101100110
000000001011100
111111111110011
000000000110110
000000011000100
000000010000000
000000000101011
000000000001111
111111111110111
000000000101111
000000000010100
000000001100001
000000000000010
000000000011010
000000000000010
000000000111011
000000000110100
000000001001100
000000010101011
111111111110101
000000000110100
111111111011111
000000001011000
111111111000010
111111110000011
000000000001111
111111111101100
000000001011011
000000001011100
000000010001011
000000000000011
