[[ 1.7337537 ]
 [-1.6531236 ]
 [ 0.7713541 ]
 [-0.3056681 ]
 [ 1.5194671 ]
 [-1.4716436 ]
 [ 0.60717154]
 [ 1.0243713 ]
 [ 0.10268886]
 [ 1.0027863 ]
 [ 0.76559657]
 [ 0.47225025]
 [ 1.4614077 ]
 [-0.7822405 ]
 [ 0.77806205]
 [ 0.75784373]
 [-0.49306926]
 [-1.062361  ]
 [ 0.7878711 ]
 [ 0.93760365]
 [ 1.5391549 ]
 [ 0.71115595]
 [-0.09273473]
 [ 0.7549086 ]
 [ 0.90841234]
 [-0.5456191 ]
 [ 0.30284977]
 [-1.3739142 ]
 [-0.05555768]
 [-1.8088579 ]
 [ 1.066403  ]
 [-0.304629  ]
 [ 1.2166483 ]
 [-0.4396196 ]
 [-0.5325988 ]
 [ 0.82785577]
 [ 1.4597716 ]
 [-0.8804961 ]
 [ 1.7622628 ]
 [ 1.0624086 ]
 [-0.62001693]
 [ 0.30249175]
 [-0.05430456]
 [-0.36627215]
 [ 2.3421192 ]
 [ 1.5129143 ]
 [ 0.47442383]
 [-0.63222796]
 [ 0.3847526 ]
 [-0.119293  ]
 [ 0.12411986]
 [-1.3453555 ]
 [-0.38557446]
 [-1.2790495 ]
 [ 0.7044262 ]
 [-0.20539273]
 [ 1.0802213 ]
 [-0.44316384]
 [-0.5140053 ]
 [ 0.46837497]
 [ 0.65729433]
 [-0.35255644]
 [ 1.1890891 ]
 [ 0.4398293 ]
 [-0.2027229 ]
 [-0.02751366]
 [ 0.39817238]
 [-0.40094155]
 [ 1.8901343 ]
 [ 1.4502641 ]
 [ 0.56136435]
 [-0.58088654]
 [ 0.23845841]
 [ 0.05502487]
 [ 0.5190497 ]
 [-0.60935634]
 [-0.42038164]
 [-0.38662234]
 [ 0.03507365]
 [ 0.24122979]
 [ 1.1367952 ]
 [-0.51184696]
 [-0.38486707]
 [ 0.9911643 ]
 [-0.10545085]
 [-0.19291803]
 [ 0.3598192 ]
 [ 0.41180623]
 [-0.63035285]
 [ 0.20736386]
 [ 0.2997924 ]
 [ 0.00438893]
 [ 1.1632482 ]
 [ 0.580405  ]
 [ 0.36235175]
 [ 0.06573467]
 [-1.0674747 ]
 [-0.67761487]
 [-1.3966758 ]
 [-0.6807754 ]
 [-2.0528657 ]
 [-1.2915496 ]
 [-0.42070282]
 [ 0.313148  ]
 [-0.08867361]
 [-0.73039156]
 [-0.36218378]
 [-1.5076482 ]
 [-2.3315368 ]
 [ 0.8303296 ]
 [-0.16069862]
 [-1.9047155 ]
 [ 1.7358255 ]
 [ 0.00641515]
 [ 0.05262536]
 [-0.46217135]
 [ 1.0952007 ]
 [ 1.2236527 ]
 [-1.4505944 ]
 [-0.17549634]
 [-0.4751135 ]
 [ 0.07455148]
 [-1.191489  ]
 [-1.7890308 ]
 [-2.4778178 ]
 [-0.19781454]
 [-1.0688511 ]
 [ 0.8119955 ]
 [ 0.13956793]
 [-1.0635676 ]
 [-0.8376681 ]
 [-1.2362456 ]
 [-1.7601143 ]
 [ 0.04603269]
 [-0.50949407]
 [-1.7461493 ]
 [ 0.6294962 ]
 [ 0.43492144]
 [ 0.9243578 ]
 [ 0.7676222 ]
 [ 0.8513396 ]
 [-1.1765655 ]
 [-0.83393365]
 [ 0.21576458]
 [-0.5558306 ]
 [ 0.30264142]
 [-0.9156518 ]
 [-1.1037009 ]
 [-1.963169  ]
 [ 0.35376462]
 [-1.0553911 ]
 [ 0.6248094 ]
 [-0.10165923]
 [-0.9087331 ]
 [-0.5799358 ]
 [-0.97376627]
 [-1.6681596 ]
 [ 0.20268649]
 [-0.8065864 ]
 [-1.51083   ]
 [ 0.4772131 ]
 [ 0.41037032]
 [ 0.57705325]
 [ 0.5421076 ]
 [-0.04012546]
 [-1.3418874 ]
 [-0.52278584]
 [ 0.1290794 ]
 [-0.15054472]
 [ 0.2290699 ]
 [-0.22732866]
 [-0.16797106]
 [-1.1934693 ]
 [ 0.52319497]
 [-0.91838765]
 [ 0.7470876 ]
 [ 0.17085023]
 [-0.16924198]
 [-0.7579292 ]
 [-1.0818205 ]
 [-0.64061695]
 [-0.08421528]
 [-0.14683549]
 [-0.7906479 ]
 [ 0.36599123]
 [ 0.5789349 ]
 [ 0.6138988 ]
 [ 0.6443977 ]
 [-0.5240605 ]
 [-0.86970204]
 [-0.7958507 ]
 [ 0.45950782]
 [-1.5545346 ]
 [ 1.3688326 ]
 [-1.0887371 ]
 [ 0.5228178 ]
 [-1.7745992 ]
 [ 1.4079801 ]
 [-0.7458066 ]
 [-0.85205245]
 [-0.07446911]
 [-1.0468639 ]
 [-0.8669167 ]
 [-0.5244463 ]
 [-1.4779247 ]
 [ 0.7065726 ]
 [-0.5766937 ]
 [-0.6421467 ]
 [ 0.4423863 ]
 [ 1.1908643 ]
 [-0.9423214 ]
 [-0.8974101 ]
 [-1.424629  ]
 [-0.5865478 ]
 [ 0.18642761]
 [-0.7962695 ]
 [-0.8632294 ]
 [ 0.68898624]
 [-0.0333542 ]
 [ 1.2528774 ]
 [ 0.05562513]
 [ 1.8469284 ]
 [-1.0211291 ]
 [ 0.41088697]
 [-1.142765  ]
 [ 0.312149  ]
 [ 0.38977277]
 [-0.86396784]
 [-1.0121326 ]
 [ 0.57682186]
 [-1.4537045 ]
 [-0.8531827 ]
 [ 0.3116804 ]
 [-0.09969816]
 [ 0.19255689]
 [ 0.3974024 ]
 [-2.3549433 ]
 [-1.3542911 ]
 [-0.17523213]
 [ 0.5264989 ]
 [-0.39036104]
 [ 0.5159138 ]
 [ 0.43869033]
 [ 1.4195395 ]
 [ 0.66189504]
 [ 1.5786445 ]
 [-0.62202847]
 [ 0.32664806]
 [-0.7599065 ]
 [ 0.5178321 ]
 [ 0.43665698]
 [-0.17710008]
 [-0.0978591 ]
 [ 0.21631995]
 [-0.87081516]
 [ 0.06394958]
 [-0.26646918]
 [-0.04559586]
 [-0.0920684 ]
 [ 0.29827797]
 [-2.029256  ]
 [-0.90943897]
 [ 0.25173253]
 [ 0.44405243]
 [-0.4645168 ]
 [ 0.2116282 ]
 [-0.2471926 ]
 [ 0.42942598]
 [ 0.81563765]
 [ 0.5274581 ]
 [ 0.14949577]
 [-0.5394416 ]
 [-1.0939134 ]
 [ 0.7583479 ]
 [ 0.6584497 ]
 [-0.6504606 ]
 [ 0.02798046]
 [ 0.60126877]
 [-0.84534055]
 [-0.40607685]
 [ 0.65544325]
 [-0.8616803 ]
 [ 0.20805559]
 [-0.28091872]
 [-1.6076771 ]
 [-0.33279815]
 [ 0.18565251]
 [-0.0089321 ]
 [-0.8244643 ]
 [ 1.877138  ]
 [ 1.747644  ]
 [-0.37181973]
 [ 1.0273132 ]
 [ 0.977022  ]
 [ 0.5106695 ]
 [-0.48748735]
 [ 0.5669774 ]
 [ 0.23241664]
 [-0.08051142]
 [ 0.44480142]
 [ 1.1833581 ]
 [-0.07453655]
 [ 0.14482656]
 [ 0.53062236]
 [-0.66369206]
 [-0.23376152]
 [ 1.1558626 ]
 [-0.3044723 ]
 [-0.6878247 ]
 [ 0.53882396]
 [ 0.9524667 ]
 [-0.16139378]
 [-0.28051218]
 [ 0.72013205]
 [ 0.9309915 ]
 [ 1.0525459 ]
 [ 1.3428228 ]
 [ 0.926898  ]
 [ 0.10048212]
 [ 0.1271349 ]
 [ 0.7525992 ]
 [ 1.3141357 ]
 [ 0.5031641 ]
 [ 1.0069098 ]
 [ 0.19019419]
 [ 0.92507553]
 [-0.14743903]
 [ 0.9451257 ]
 [-0.18957421]
 [-1.5241734 ]
 [ 0.8609345 ]
 [-0.30044785]
 [-0.3127555 ]
 [ 1.6114357 ]
 [ 1.4630601 ]
 [ 0.30989757]
 [ 0.04707203]
 [ 0.26629734]
 [ 0.73578054]
 [ 0.5979913 ]
 [ 1.1123801 ]
 [ 0.25544178]
 [ 0.2561785 ]
 [ 0.16361117]
 [ 0.81821054]
 [ 1.137421  ]
 [ 0.3322624 ]
 [ 0.89171684]
 [ 0.48955742]
 [ 0.49906   ]
 [ 0.28283632]
 [ 0.99147916]
 [-0.24165183]
 [-1.2089436 ]
 [ 0.7244224 ]
 [-0.10345902]
 [ 0.42211804]
 [ 1.5343207 ]
 [ 1.0070634 ]
 [ 0.34312195]
 [ 0.11983424]
 [-0.07356052]
 [ 0.3693442 ]
 [ 0.15974934]
 [ 0.7584055 ]
 [ 0.01660462]
 [ 0.20591094]
 [ 0.01671083]
 [ 0.4618972 ]
 [ 0.40931433]
 [ 0.5987895 ]
 [ 1.3435373 ]
 [-0.08905439]
 [ 0.41082057]
 [-0.26095498]
 [ 0.6891601 ]
 [-0.49065724]
 [-0.98116165]
 [ 0.12341976]
 [-0.15931042]
 [ 0.71861434]
 [ 0.7260181 ]
 [ 1.0934706 ]
 [ 0.024824  ]]