000000011010011
111111100101111
000000001100010
111111111011010
000000010111001
111111101001100
000000001000101
000000001111000
000000000010101
000000001110110
000000001100000
000000000111100
000000010110001
111111110100001
000000001100010
000000001011001
111111111000010
111111101110100
000000001011110
000000001110011
000000011000001
000000001010010
111111111110010
000000001011000
000000001101100
111111110110110
000000000100110
111111101010110
111111111110001
111111100100100
000000001111100
111111111010010
000000010011110
111111111000111
111111111000001
000000001100110
000000010101100
111111110010000
000000011011001
000000010000010
111111110101111
000000000011101
111111111110011
111111111001110
000000100100100
000000010110011
000000000110011
111111110101001
000000000101011
111111111101100
000000000010001
111111101011001
111111111001011
111111101100101
000000001010000
111111111011111
000000010001101
111111111001001
111111111000011
000000000110111
000000001001100
111111111010010
000000010010001
000000000110101
111111111100010
111111111110111
000000000101100
111111111001100
000000011101000
000000010101101
000000001000000
111111110110000
000000000011001
000000000000100
000000000111111
111111110110011
111111111001001
111111111010010
000000000000010
000000000011010
000000010010000
111111110111111
111111111010001
000000001111010
111111111101110
111111111100101
000000000101111
000000000110100
111111110101110
000000000010110
000000000100100
111111111111110
000000010001110
000000001000110
000000000101010
000000000000001
111111101111000
111111110100100
111111101001110
111111110101011
111111100000000
111111101100101
111111111000101
000000000100010
111111111111010
111111110110011
111111111010101
111111101000101
111111011100011
000000001100101
111111111100101
111111100010011
000000011001000
111111111111110
000000000000001
111111111001001
000000010000101
000000010010111
111111101001011
111111111101001
111111110111101
000000000000001
111111101101001
111111100011110
111111011010010
111111111101101
111111101110010
000000001100001
000000000010100
111111110001000
111111110011001
111111101011100
111111100101011
000000000000011
111111110110111
111111100100010
000000001001001
000000000110101
000000001101011
000000001011011
000000001100011
111111101101110
111111110011001
000000000010111
111111110110100
000000000100000
111111110001010
111111101110010
111111100010001
000000000101101
111111101110111
000000001001011
111111111110100
111111110011000
111111110111001
111111101111110
111111100110110
000000000010101
111111110010001
111111101000001
000000000111001
000000000110010
000000001000100
000000000111101
111111111110101
111111101011010
111111111000001
000000000001110
111111111101000
000000000011010
111111111100011
111111111100110
111111101101100
000000001000000
111111110001100
000000001011010
000000000010010
111111111101110
111111110100011
111111101110010
111111110110110
111111111110011
111111111101000
111111110011001
000000000101101
000000001000111
000000001001010
000000001001011
111111110111010
111111110010111
111111110011110
000000000110111
111111101000001
000000010101001
111111101110010
000000000111011
111111100100010
000000010100111
111111110100101
111111110011001
111111111101110
111111110000001
111111110010001
111111110111001
111111101001010
000000001010001
111111110110001
111111110110001
000000000110110
000000010010111
111111110001011
111111110001101
111111101001001
111111110111001
000000000010111
111111110011111
111111110011000
000000001010101
111111111110110
000000010010011
000000000001001
000000011011010
111111110000011
000000000110101
111111101101001
000000000100010
000000000101010
111111110001101
111111110000111
000000001000010
111111101000110
111111110010001
000000000101011
111111111110101
000000000011010
000000000101100
111111011010101
111111101011011
111111111101100
000000001000010
111111111010001
000000001000000
000000000110001
000000010100111
000000001010000
000000010111000
111111110110110
000000000101001
111111110011010
000000000110110
000000000110000
111111111100101
111111111110100
000000000010100
111111110010000
000000000000100
111111111100101
111111111111000
111111111110111
000000000011110
111111100000001
111111110010001
000000000011110
000000000110111
111111111001011
000000000011011
111111111011111
000000000110010
000000001100100
000000000111010
000000000010000
111111110111100
111111101110110
000000001011001
000000001001011
111111110101100
000000000000011
000000001000111
111111110010010
111111111001001
000000001010101
111111110010101
000000000011000
111111111011101
111111100110111
111111111010101
000000000010100
111111111111111
111111110011011
000000011101110
000000011011101
111111111001111
000000001111110
000000001110100
000000001000100
111111111000011
000000001000101
000000000010001
111111111110100
000000000110010
000000010010001
111111111110001
000000000010100
000000001000010
111111110110101
111111111100010
000000010010000
111111111010110
111111110100110
000000001000011
000000001110000
111111111100111
111111111011111
000000001011111
000000001110101
000000001111111
000000010011111
000000001101100
000000000001110
000000000001010
000000001011011
000000010011000
000000000111000
000000001111011
000000000010101
000000001101101
111111111110010
000000001110101
111111111101000
111111100111110
000000001101101
111111111011100
111111111010110
000000011000111
000000010110000
000000000100001
000000000000101
000000000100100
000000001011100
000000001001000
000000010000010
000000000011100
000000000011110
000000000001110
000000001100110
000000010000100
000000000100011
000000001101101
000000000111001
000000000111001
000000000101000
000000001111001
111111111100001
111111101100100
000000001011001
111111111110100
000000000110011
000000010111100
000000001110110
000000000100100
000000000001111
111111111111000
000000000101101
000000000010011
000000001011011
000000000000000
000000000010111
111111111111110
000000000111100
000000000101101
000000001000101
000000010100111
111111111101111
000000000110000
111111111100011
000000001010110
111111111000001
111111110000011
000000000001110
111111111101101
000000001011001
000000001010101
000000010000100
111111111111111
