000000001110001
111110100101011
111110100010001
111111110111100
000000001011110
111110111100101
111110111100010
111111111001101
000000001001011
111111010011111
111111010110011
111111111011110
000000000111000
111111101011001
111111110000101
111111111101111
000000000100101
000000000010010
000000001010101
000000000000000
000000000010010
000000011001101
000000100100110
000000000010000
000000000000000
000000110000111
000000111110111
000000000100001
111111111101101
000001001000001
000001011001000
000000000110010
111111110001111
000001011010101
000001011101111
000000001000100
111111110100010
000001000011011
000001000011110
000000000110011
111111110110101
000000101100001
000000101001101
000000000100010
111111111001000
000000010100111
000000001111011
000000000010001
111111111011011
111111111101110
111111110101011
000000000000000
111111111101110
111111100110011
111111011011010
111111111110000
000000000000000
111111001111001
111111000001001
111111111011111
000000000010011
111110110111111
111110100111000
111111111001110
