[[ 8.8917327e-01]
 [-5.6701307e+00]
 [-5.8695464e+00]
 [-5.3288937e-01]
 [ 7.4021012e-01]
 [-4.2156610e+00]
 [-4.2357783e+00]
 [-4.0050554e-01]
 [ 5.9124780e-01]
 [-2.7611904e+00]
 [-2.6020103e+00]
 [-2.6812163e-01]
 [ 4.4228524e-01]
 [-1.3067194e+00]
 [-9.6824193e-01]
 [-1.3573758e-01]
 [ 2.9332274e-01]
 [ 1.4775115e-01]
 [ 6.6552627e-01]
 [-3.3536265e-03]
 [ 1.4436013e-01]
 [ 1.6022217e+00]
 [ 2.2992945e+00]
 [ 1.2903041e-01]
 [-4.6020742e-03]
 [ 3.0566924e+00]
 [ 3.9330628e+00]
 [ 2.6141435e-01]
 [-1.5356481e-01]
 [ 4.5111632e+00]
 [ 5.5668306e+00]
 [ 3.9379799e-01]
 [-8.8917327e-01]
 [ 5.6701307e+00]
 [ 5.8695464e+00]
 [ 5.3288937e-01]
 [-7.4021012e-01]
 [ 4.2156610e+00]
 [ 4.2357783e+00]
 [ 4.0050554e-01]
 [-5.9124780e-01]
 [ 2.7611904e+00]
 [ 2.6020103e+00]
 [ 2.6812163e-01]
 [-4.4228524e-01]
 [ 1.3067194e+00]
 [ 9.6824193e-01]
 [ 1.3573758e-01]
 [-2.9332274e-01]
 [-1.4775115e-01]
 [-6.6552627e-01]
 [ 3.3536246e-03]
 [-1.4436013e-01]
 [-1.6022217e+00]
 [-2.2992945e+00]
 [-1.2903041e-01]
 [ 4.6020751e-03]
 [-3.0566924e+00]
 [-3.9330628e+00]
 [-2.6141435e-01]
 [ 1.5356481e-01]
 [-4.5111632e+00]
 [-5.5668306e+00]
 [-3.9379799e-01]]