[[ 0.89941406]
 [-5.6621094 ]
 [-5.8378906 ]
 [-0.5332031 ]]
[[ 0.7470703 ]
 [-4.2089844 ]
 [-4.2128906 ]
 [-0.40039062]]
[[ 0.59472656]
 [-2.7558594 ]
 [-2.5878906 ]
 [-0.26757812]]
[[ 0.4423828 ]
 [-1.3027344 ]
 [-0.9628906 ]
 [-0.13476562]]
[[ 0.29003906]
 [ 0.15039062]
 [ 0.6621094 ]
 [-0.00195312]]
[[0.13769531]
 [1.6035156 ]
 [2.2871094 ]
 [0.13085938]]
[[-0.01464844]
 [ 3.0566406 ]
 [ 3.9121094 ]
 [ 0.26367188]]
[[-0.16699219]
 [ 4.5097656 ]
 [ 5.5371094 ]
 [ 0.39648438]]
[[-0.89941406]
 [ 5.6621094 ]
 [ 5.8378906 ]
 [ 0.5332031 ]]
[[-0.7470703 ]
 [ 4.2089844 ]
 [ 4.2128906 ]
 [ 0.40039062]]
[[-0.59472656]
 [ 2.7558594 ]
 [ 2.5878906 ]
 [ 0.26757812]]
[[-0.4423828 ]
 [ 1.3027344 ]
 [ 0.9628906 ]
 [ 0.13476562]]
[[-0.29003906]
 [-0.15039062]
 [-0.6621094 ]
 [ 0.00195312]]
[[-0.13769531]
 [-1.6035156 ]
 [-2.2871094 ]
 [-0.13085938]]
[[ 0.01464844]
 [-3.0566406 ]
 [-3.9121094 ]
 [-0.26367188]]
[[ 0.16699219]
 [-4.5097656 ]
 [-5.5371094 ]
 [-0.39648438]]
