000000001110010
111110100101101
111110100010111
111111110111101
000000001011110
111110111100110
111110111100110
111111111001101
000000001001010
111111010011111
111111010110101
111111111011101
000000000110110
111111101011000
111111110000100
111111111101101
000000000100010
000000000010001
000000001010011
111111111111101
000000000001110
000000011001010
000000100100010
000000000001101
111111111111010
000000110000011
000000111110001
000000000011101
111111111100110
000001000111100
000001011000000
000000000101101
111111110001010
000001011001110
000001011100101
000000000111101
111111110011110
000001000010101
000001000010110
000000000101101
111111110110010
000000101011100
000000101000111
000000000011101
111111111000110
000000010100011
000000001111000
000000000001101
111111111011010
111111111101010
111111110101001
111111111111101
111111111101110
111111100110001
111111011011010
111111111101101
000000000000010
111111001111000
111111000001011
111111111011101
000000000010110
111110110111111
111110100111100
111111111001101
