000000000110010
111111111001100
111111111011101
111111111101001
111111111101010
111111111001001
111111111001000
111111111001110
000000001011000
111111110111001
000000000000000
000000001010111
000000000101000
111111111011000
111111111100111
000000000111110
111111110111011
000000000111100
111111111110110
111111110110000
111111110101000
111111110110110
111111111010011
111111111001111
111111111111111
000000000100101
000000000011011
000000000000010
000000000010110
000000000001010
111111111000001
000000000100011
