7.2865314 6.6640625 0.6224689 0.0016210127311448257
3.0908518 5.3203125 2.2294607 0.00742690001303951
4.2172275 5.265625 1.0483975 0.010157101942847174
5.1183147 4.8046875 0.3136272 0.01097383947732548
6.674639 7.71875 1.044111 0.013692878574753802
5.1693645 4.484375 0.6849895 0.015476705428833764
7.069605 5.5078125 1.5617925 0.019543873379006982
4.8014083 4.765625 0.0357833 0.019637059051698696
7.5843945 7.4453125 0.139082 0.01999925175914541
6.24628 5.515625 0.730655 0.02190199919277802
4.7721047 6.25 1.4778953 0.025750684765322756
4.2043757 7.7578125 3.5534368 0.03500442631775513
5.3281393 6.3203125 0.9921732 0.037588210679435484
5.122459 3.25 1.872459 0.04246440613254284
-0.26041254 3.3671875 3.106775 0.05055496614659205
7.0699434 6.1640625 0.9058809 0.05291403106336171
4.6510015 7.2734375 2.622436 0.05974329160138343
7.6563954 8.4296875 0.7732921 0.06175707317500685
4.1779513 5.3046875 1.1267362 0.06469128193566576
5.718448 2.4921875 3.2262604 0.07309300178894773
6.981236 5.3203125 1.6609235 0.07741832335401948
3.0050273 2.765625 0.2394023 0.0780417668283917
5.342495 4.671875 0.67062 0.07978817314142361
6.028543 4.328125 1.700418 0.08421634500458215
8.0978565 7.4296875 0.668169 0.08595636849834894
6.7579746 8.3984375 1.6404629 0.09022840723628178
7.1520686 7.8359375 0.6838689 0.09200931579107419
9.012612 8.546875 0.465737 0.09322217252338305
8.966979 9.5859375 0.6189585 0.09483404354735588
7.584507 6.6640625 0.9204445 0.09723103440289074
8.573893 7.125 1.448893 0.1010041931294836
7.393268 7.203125 0.190143 0.10149935720255597
9.0096855 8.59375 0.4159355 0.10258252253212655
6.257832 5.453125 0.804707 0.10467811365379019
7.520418 8.515625 0.995207 0.10726979858009143
8.560212 11.1484375 2.5882256 0.11400996942150715
7.7142563 8.234375 0.5201187 0.11536444523759805
6.787341 5.0625 1.724841 0.11985621867158137
7.011474 9.6015625 2.5900886 0.12660124108272913
7.6601048 6.6640625 0.9960423 0.1291951012681238
5.53535 7.4296875 1.8943375 0.13412827193193755
7.0866556 7.7578125 0.6711569 0.13587607631537438
6.941473 7.6875 0.746027 0.1378188549424521
8.167845 5.203125 2.96472 0.1455394799704663
6.2367296 4.703125 1.5336046 0.1495332420066309
6.689504 6.203125 0.486379 0.15079985397945464
6.6792974 5.796875 0.8824224 0.15309782894716284
8.399551 6.5859375 1.8136135 0.15782078085855267
7.208003 6.515625 0.692378 0.15962384852658332
6.2125015 7.484375 1.2718735 0.162936019032107
6.3151174 6.78125 0.4661326 0.16414990604001403
7.885185 7.3671875 0.5179975 0.16549885787147403
7.869757 8.234375 0.364618 0.16644838392191252
6.8340316 6.03125 0.8027816 0.16853896095805487
7.363516 6.1953125 1.1682035 0.171581157502563
6.54923 6.2578125 0.2914175 0.17234005726641038
7.816397 7.3671875 0.4492095 0.17350987370203555
5.5692625 4.84375 0.7255125 0.17539922918270648
6.716791 7.4140625 0.6972715 0.17721504044796646
7.8024426 9.6328125 1.83037 0.1819816288577082
6.8288693 7.2265625 0.3976932 0.18301728819884977
6.0277143 4.5078125 1.5199018 0.18697536567924541
6.4686303 8.34375 1.8751197 0.19185848986186704
6.7445526 5.8515625 0.8929901 0.19418398494599384
4.954469 6.2578125 1.3033435 0.1975781087336751
6.320391 6.734375 0.413984 0.19865619206878662
6.177226 6.7265625 0.5493365 0.2000867558526806
6.996729 4.609375 2.387354 0.20630382329303146
5.456036 4.109375 1.346661 0.2098107529066813
6.0618296 5.46875 0.5930796 0.21135523110084853
5.7779 4.9609375 0.8169625 0.21348273756060124
7.406353 5.859375 1.546978 0.21751132609400273
6.003082 4.4140625 1.5890195 0.22164939780486742
3.7741768 4.5078125 0.7336357 0.22355990750171859
3.4692693 3.7890625 0.3197932 0.2243927022791467
3.9100313 3.5390625 0.3709688 0.22535876683347542
6.1888223 6.25 0.0611777 0.22551808376253266
4.662232 4.3359375 0.3262945 0.2263678090530447
3.4652603 3.1640625 0.3011978 0.22715217831622184
4.423392 3.875 0.548392 0.22858028247719625
4.129815 4.171875 0.04206 0.2286898137244861
2.881502 2.1484375 0.7330645 0.23059883578874477
5.1083374 5.7578125 0.6494751 0.23229017718889125
5.7890525 5.3046875 0.484365 0.23355154434102582
3.808223 4.21875 0.410527 0.23462062504646983
3.7039247 2.6015625 1.1023622 0.23749135982749667
5.223578 4.703125 0.520453 0.23884670611975398
3.1833868 2.5625 0.6208868 0.24046359883504914
4.2654214 3.3671875 0.8982339 0.24280274959164666
3.786307 3.1640625 0.6222445 0.2444231779178759
5.142134 5.1328125 0.0093215 0.244447452656459
3.795211 3.25 0.545211 0.24586727301357308
4.404977 2.6875 1.717477 0.25033986927398166
4.5564995 3.0703125 1.486187 0.2542101478708597
4.0923505 2.609375 1.4829755 0.2580720631910177
5.474555 4.5625 0.912055 0.26044720646071556
-0.4003417 -0.0078125 0.3925292 0.2614694178919308
9.778219 5.578125 4.200094 0.27240716326438513
2.3380992 -0.0546875 2.2834117 0.27835354800724116
3.7835867 3.0703125 0.7132742 0.2802110328533066
3.011435 -0.140625 2.87081 0.2876871006446891
6.082996 6.140625 0.057629 0.28783717616655247
2.7564676 5.109375 2.3529074 0.29396453923739807
3.0724869 1.984375 1.0881119 0.29679816391823505
10.8162775 9.5859375 1.23034 0.3000021743452332
7.2244034 7.4609375 0.2365341 0.3006181485737519
2.1814709 -1.203125 0.9783459 0.3031659242794073
6.9782343 -0.421875 6.5563593 0.3202397765999194
0.5187443 -1.625 1.1062557 0.3231206506898161
5.629675 7.203125 1.57345 0.3272181766515132
6.6516933 -0.40625 6.2454433 0.3434823520268158
1.6058282 2.34375 0.7379218 0.3454040233142829
6.95814 1.5 5.45814 0.3596179292944725
3.7247307 1.3515625 2.3731682 0.36579805489357864
4.172778 1.734375 2.438403 0.3721480624226387
4.8954506 9.3828125 4.487362 0.3838339007246152
1.9018229 3.515625 1.6138021 0.38803651029593306
6.5841784 5.7890625 0.7951159 0.39010712458790897
4.5031266 4.625 0.1218734 0.390424503236621
0.44150046 2.4609375 2.019437 0.39568345395188464
8.057446 8.078125 0.020679 0.39573730551637704
6.757792 3.046875 3.710917 0.40540115186013276
4.0735607 1.546875 2.5266857 0.4119810625755538
3.5844464 2.890625 0.6938214 0.4137878890614956
4.1825895 1.0703125 3.112277 0.4218927771629144
6.0005174 5.9765625 0.0239549 0.42195515971494985
1.1307005 3.328125 2.1974244 0.4276776191206105
4.3667674 3.328125 1.0386424 0.4303824170541095
1.7456024 0.8359375 0.9096649 0.43275133613982075
4.968727 5.2109375 0.2422105 0.43338209266948974
4.203916 0.9453125 3.2586036 0.4418680394737748
7.0097857 0.1953125 6.814473 0.45961406330752647
6.6375117 4.2109375 2.4265742 0.46593326703199023
4.8723187 6.1484375 1.2761188 0.46925649295735633
6.6967335 0.140625 6.5561085 0.4863296921103028
4.023575 4.359375 0.3358 0.4872041712563562
4.9762855 -0.015625 4.9606605 0.5001225578647184
4.412209 2.1015625 2.3106465 0.5061398665469217
4.4004884 2.0078125 2.3926759 0.5123707933089462
1.5527202 5.6640625 4.1113424 0.5230774142207033
3.9100153 5.1953125 1.2852972 0.5264245422295061
6.5738254 5.6484375 0.9253879 0.5288344066017694
0.8942796 1.1875 0.2932204 0.529598001395546
3.6710935 5.1640625 1.492969 0.5334859415937291
6.898093 6.9453125 0.0472195 0.5336089090415042
5.5481772 2.15625 3.3919272 0.5424420529016059
3.3296356 1.0703125 2.2593231 0.5483257068602444
2.8623674 2.171875 0.6904924 0.5501238641300004
3.439846 0.6484375 2.7914085 0.5573931571998398
4.9283347 4.828125 0.1002097 0.5576541199552592
0.77616626 2.6640625 1.8878963 0.5625705165681815
3.5866733 2.703125 0.8835483 0.5648714236497954
1.0935862 0.2421875 0.8513987 0.5670886077811396
4.0759907 4.2734375 0.1974468 0.567602792138738
3.4461725 0.46875 2.9774225 0.575356496502839
5.72042 -0.21875 5.50167 0.5896837618250474
5.6408153 3.40625 2.2345653 0.5955029421844905
3.9558861 5.0703125 1.1144264 0.5984050942012494
5.5929565 -0.2265625 5.366394 0.6123800786881473
3.1954086 3.46875 0.2733414 0.613091905218122
4.0890512 -0.3203125 3.7687387 0.622906329037505
3.4946423 1.453125 2.0415173 0.6282227802294071
3.6753433 1.515625 2.1597183 0.6338470465707358
1.1074339 4.65625 3.5488162 0.6430887554355041
3.2917533 4.453125 1.1613717 0.6461131609248694
5.455739 4.671875 0.783864 0.6481544734803414
0.5739352 0.8671875 0.2932523 0.6489181513170477
2.959029 4.2578125 1.2987835 0.6523004001210209
2.999185 5.7734375 2.7742524 0.6595250157843109
2.2196598 -0.2109375 2.0087223 0.6647560634543573
1.1795361 -0.3828125 0.7967236 0.6668308645069674
4.3815813 4.03125 0.3503313 0.6677431856175339
4.433102 2.8671875 1.5659145 0.6718210879917021
2.6950247 2.09375 0.6012747 0.6733869075978871
2.4435725 2.640625 0.1970525 0.673900065133542
0.43495083 0.8125 0.37754917 0.6748832661008538
-1.2301784 -2.625 1.3948216 0.6785156141316594
1.9784595 3.1484375 1.169978 0.6815624318987827
3.794408 1.0078125 2.7865956 0.688819191229413
-0.7091347 -0.484375 0.2247597 0.689404502942731
4.603809 2.3984375 2.2053716 0.6951476581986448
0.7953868 2.2109375 1.4155507 0.6988339881694019
2.3392403 2.375 0.0357597 0.698927112384505
1.7957569 2.0546875 0.2589306 0.6996014108056743
1.8875 2.9140625 1.0265625 0.7022747505252479
0.776977 1.640625 0.863648 0.7045238338517565
2.6580682 2.1875 0.4705682 0.7057492718983361
-0.47343305 -0.3125 0.16093305 0.7061683683762867
2.4938126 5.09375 2.5999374 0.7129390387902577
0.66288555 3.0234375 2.3605518 0.7190863091915766
-0.01262171 2.3203125 2.3076909 0.7250959208031416
2.2050288 2.859375 0.6543462 0.726799947437636
-6.8222356 -6.5703125 0.2519231 0.7274559972138375
-2.029646 -4.6484375 2.6187916 0.7342757669539421
-3.6780798 -5.109375 1.4312952 0.7380030980906059
-3.3948972 -3.546875 0.1519778 0.7383988736304065
-6.7422147 -8.1328125 1.3905978 0.7420202221207242
-4.3881764 -4.171875 0.2163014 0.7425835070074146
-3.8628438 -2.78125 1.0815938 0.7454001574030067
-4.4413705 -4.6875 0.2461295 0.7460411196370841
-3.695448 -4.0078125 0.3123645 0.7468545688267718
-4.9050355 -4.6484375 0.256598 0.7475227927740584
-6.148282 -8.0 1.851718 0.7523449749326875
-5.0027747 -8.78125 3.7784753 0.7621847543196052
-5.2325726 -6.609375 1.3768024 0.7657701773520479
-2.718945 -1.3203125 1.3986325 0.7694124495562086
0.7087635 -3.3203125 2.611549 0.7762133581515321
-6.6532526 -6.15625 0.4970026 0.7775076357599268
-3.9150836 -6.875 2.9599164 0.7852157512631187
-8.266528 -9.28125 1.014722 0.7878582564444512
-4.100167 -5.59375 1.493583 0.791747795413054
-1.6546979 1.0703125 0.5843854 0.7932696323793301
-4.924851 -3.71875 1.206101 0.7964105202457477
-1.2899506 -1.4921875 0.2022369 0.7969371788543258
-2.2788067 -2.140625 0.1381817 0.7972970270348011
-6.102176 -4.7734375 1.3287385 0.8007572834176241
-6.049654 -5.96875 0.080904 0.8009679709163413
-7.7208366 -9.8828125 2.1619759 0.8065981163866426
-5.8474374 -7.1796875 1.3322501 0.8100675177362666
-7.5208735 -7.65625 0.1353765 0.8104200607000769
-6.7411127 -7.9921875 1.2510748 0.8136780679681878
-7.9492736 -7.671875 0.2773986 0.8144004601199408
-6.6964374 -5.796875 0.8995624 0.8167430705846827
-5.655008 -6.03125 0.376242 0.817722867490374
-6.741443 -6.9140625 0.1726195 0.8181723974557822
-5.2470717 -5.046875 0.2001967 0.8186937430242925
-7.406395 -9.0234375 1.6170425 0.8229047913094589
-8.6010065 -11.671875 3.0708685 0.8309018446743716
-6.111327 -7.2421875 1.1308604 0.8338467937574018
-5.9874916 -4.8984375 1.0890541 0.836682872162782
-7.138178 -10.265625 3.127447 0.8448272651051709
-7.7091923 -7.2734375 0.4357548 0.8459620432452837
-4.2942514 -6.7265625 2.432311 0.8522961866256077
-6.9031534 -8.0390625 1.1359091 0.8552542831894238
-5.6537075 -7.0546875 1.40098 0.8589026685949642
-5.9647584 -3.5625 2.4022584 0.8651585498349348
-4.2837734 -3.3359375 0.9478359 0.8676268725491046
-5.5960402 -5.71875 0.1227098 0.867946429328488
-5.3551874 -5.078125 0.2770624 0.8686679459594108
-7.392501 -6.1796875 1.2128135 0.871826314440113
-5.533327 -5.4296875 0.1036395 0.872096208967074
-7.058815 -8.890625 1.83181 0.8768665475023828
-5.2582173 -6.3359375 1.0777202 0.8796731104327283
-6.625449 -6.7578125 0.1323635 0.8800178070426525
-6.0098395 -6.9921875 0.982348 0.88257600502402
-7.208816 -7.0625 0.146316 0.8829570362916754
-5.865123 -5.265625 0.599498 0.8845182289320893
-5.1296287 -5.3984375 0.2688088 0.8852182518797533
-6.0546713 -6.1953125 0.1406412 0.8855845049984049
-4.77318 -4.640625 0.132555 0.8859297002927627
-6.52981 -7.875 1.34519 0.8894327993766632
-7.851946 -10.171875 2.319929 0.8954742808467315
-5.503553 -6.5078125 1.0042595 0.8980895398757027
-5.4833093 -4.609375 0.8739343 0.9003654105229841
-6.537149 -8.984375 2.447226 0.9067383950217234
-6.8275137 -6.5078125 0.3197012 0.9075709502164192
-3.9397388 -5.8046875 1.8649487 0.9124275875850187
-6.164252 -7.0703125 0.9060605 0.9147871201809413
-5.0862093 -6.2890625 1.2028532 0.917919550396618
-5.3059916 -3.515625 1.7903666 0.9225819635466901
-3.8482342 -3.0859375 0.7622967 0.9245671111420957
-5.2387686 -5.21875 0.0200186 0.92461924291274
-4.721859 -4.484375 0.237484 0.9252376908116271
-6.5651836 -5.6328125 0.9323711 0.9276657404989233
-5.379747 -4.15625 1.223497 0.9308519306893378
-4.585413 -5.7109375 1.1255245 0.9337829841291139
-2.932754 -3.65625 0.723496 0.9356670883474478
-2.277385 -2.375 0.097615 0.9359212940859526
-4.4334884 -4.9453125 0.5118241 0.9372541692719092
-5.6336656 -5.7265625 0.0928969 0.9374960882851151
-2.5671322 -2.671875 0.1047428 0.9377688560004264
-3.4052238 -3.25 0.1552238 0.9381730846507703
-3.380006 -3.828125 0.448119 0.9393400612510349
-2.3615844 -1.984375 0.3772094 0.9403223773842906
-4.4052353 -5.515625 1.1103897 0.9432140172527089
-6.3737273 -6.21875 0.1549773 0.9436176039889683
-2.8245575 -3.6171875 0.79263 0.945681744657728
-3.9568067 -3.21875 0.7380567 0.9476037673642466
-4.701448 -4.59375 0.107698 0.9478842309084328
-3.3954253 -3.140625 0.2548003 0.9485477733299674
-3.034293 -2.5234375 0.5108555 0.9498781261839511
-3.3667662 -3.1171875 0.2495787 0.9505280707138197
-4.0644145 -4.4921875 0.427773 0.9516420628982203
-3.2320468 -3.046875 0.1851718 0.9521242811218442
-2.9028976 -1.625 1.2778976 0.9554521394456964
-4.4647727 -3.359375 1.1053977 0.9583307792927366
-3.5679333 -2.4921875 1.0757458 0.9611322007015886
-4.94722 -4.46875 0.47847 0.9623782163204543
-3.7152905 -3.8515625 0.136272 0.9627330913159914
-5.1946144 -5.25 0.0553856 0.9628773246513442
-3.1389341 -3.21875 0.0798159 0.9630851785623231
-5.1884933 -5.0703125 0.1181808 0.963392941053219
-3.7544515 -3.7578125 0.003361 0.9634016936573361
-4.9003134 -4.765625 0.1346884 0.9637524447177077
-7.7288904 -7.7109375 0.0179529 0.963799197062447
-3.329372 -3.3671875 0.0378155 0.9638976749271626
-10.908792 -10.75 0.158792 0.9643111957708845
-6.286966 -6.1796875 0.1072785 0.9645905668736907
-0.86158204 -0.9140625 0.05248046 0.9647272347362252
-2.6472018 -2.7890625 0.1418607 0.9650966636260512
-2.6048906 -2.6796875 0.0747969 0.9652914472202
-6.7269588 -6.5078125 0.2191463 0.9658621407003614
-1.9090142 -1.9453125 0.0362983 0.9659566675260669
-4.0477233 -3.9765625 0.0711608 0.9661419821113665
-4.6709676 -4.78125 0.1102824 0.9664291758581381
-3.4658914 -3.6484375 0.1825461 0.9669045563114192
-3.0787354 -3.2421875 0.1634521 0.96733021283156
-8.899185 -8.65625 0.242935 0.9679628560655447
-5.961509 -5.921875 0.039634 0.9680660696085394
-5.116754 -5.0625 0.054254 0.9682073560646431
-7.216671 -7.0390625 0.1776085 0.9686698782127978
-2.66478 -2.7578125 0.0930325 0.9689121503524799
-8.278129 -8.3203125 0.0421835 0.9690220032164989
-3.3943088 -3.6171875 0.2228787 0.9696024164835153
-5.767352 -5.6953125 0.0720395 0.9697900193477832
-6.5280285 -6.4375 0.0905285 0.9700257706578361
-7.665452 -7.5078125 0.1576395 0.970436290198146
-4.506751 -4.421875 0.084876 0.9706573214504408
-6.5953383 -6.8046875 0.2093492 0.9712025016591114
-6.462992 -6.4765625 0.0135705 0.9712378415018365
-7.2330146 -7.2421875 0.0091729 0.9712617292613379
-5.193963 -5.2109375 0.0169745 0.9713059336869867
-4.110565 -4.078125 0.03244 0.9713904128517845
-5.2212973 -5.2734375 0.0521402 0.971526194619097
-7.0959296 -7.0 0.0959296 0.9717760112865407
-5.419644 -5.296875 0.122769 0.9720957222192127
-4.353807 -4.3046875 0.0491195 0.9722236375800999
-4.294131 -4.2265625 0.0675685 0.9723995972241629
-5.009988 -5.1484375 0.1384495 0.9727601428100262
-4.1139774 -4.375 0.2610226 0.9734398891578162
-5.6522965 -5.6875 0.0352035 0.9735315649431864
-7.1189213 -7.0234375 0.0954838 0.9737802206782358
-6.194138 -6.265625 0.071487 0.9739663847461387
-6.027092 -6.03125 0.004158 0.9739772128711286
-4.878262 -4.875 0.003262 0.9739857076626015
-5.775685 -5.7265625 0.0491225 0.9741136308427178
-7.066761 -7.140625 0.073864 0.9743059850043206
-2.5750406 -2.8046875 0.2296469 0.9749040238226974
-4.85305 -4.8359375 0.0171125 0.9749485876224446
-5.4872737 -5.421875 0.0653987 0.975118896738422
-6.5624948 -6.46875 0.0937448 0.9753630238204396
-3.5904152 -3.546875 0.0435402 0.9754764097536581
-5.623353 -5.8125 0.189147 0.9759689800545551
-5.4915986 -5.5546875 0.0630889 0.9761332740684638
-6.057105 -6.09375 0.036645 0.9762287037531978
-4.29597 -4.3671875 0.0712175 0.9764141659919305
-3.3663583 -3.34375 0.0226083 0.9764730417749279
-4.193374 -4.328125 0.134751 0.9768239558555551
-6.016082 -5.96875 0.047332 0.976947216272189
-4.4538913 -4.3984375 0.0554538 0.9770916272088165
-3.55959 -3.5546875 0.0049025 0.9771043941364039
-3.4053345 -3.3828125 0.022522 0.9771630451796225
-4.162748 -4.3046875 0.1419395 0.9775326793096608
-3.2583787 -3.5546875 0.2963088 0.9783043167723612
-4.809228 -4.8984375 0.0892095 0.9785366331707335
-6.054545 -6.0078125 0.0467325 0.9786583323899926
-5.3220835 -5.421875 0.0997915 0.9789182060800762
-5.0190086 -5.0625 0.0434914 0.9790314649362697
-4.133358 -4.1875 0.054142 0.9791724597234859
-4.8401117 -4.828125 0.0119867 0.979203675087774
-3.8236437 -3.859375 0.0357313 0.9792967253500439
-0.7049614 -0.8828125 0.1778511 0.979759879245345
-2.398927 -2.3828125 0.0161145 0.9798018440875844
-5.29438 -5.15625 0.13813 0.9801615576143375
-6.035211 -5.890625 0.144586 0.9805380836478433
-0.8756019 -0.875 0.0006019 0.9805396510957203
-3.5552762 -3.640625 0.0853488 0.9807619135952638
-3.5073192 -3.546875 0.0395558 0.9808649234890555
-2.7221208 -2.8203125 0.0981917 0.9811206310434195
-2.3642213 -2.4609375 0.0967162 0.9813724961548661
-3.7481966 -3.6640625 0.0841341 0.9815915953784798
-0.94714624 -1.046875 0.09972876 0.9818513056990619
-4.104313 -4.0625 0.041813 0.9819601937225948
-1.4142731 -1.4765625 0.0622894 0.9821224056969791
-3.670172 -3.6171875 0.0529845 0.9822603861616698
-1.2685192 -1.2890625 0.0205433 0.9823138843377515
-4.1954217 -4.2265625 0.0311408 0.9823949801725574
-2.3199635 -2.4921875 0.172224 0.9828434801728083
-4.2169657 -4.25 0.0330343 0.9829295069919983
-2.5811224 -2.625 0.0438776 0.9830437715795596
-4.9729495 -4.8984375 0.074512 0.9832378132394599
-2.164675 -2.25 0.085325 0.9834600137672471
-2.6817262 -2.703125 0.0213988 0.9835157398075959
-3.2467182 -3.25 0.0032818 0.9835242861619614
