[[  7.2865314 ]
 [  3.0908518 ]
 [  4.2172275 ]
 [  5.1183147 ]
 [  6.674639  ]
 [  5.1693645 ]
 [  7.069605  ]
 [  4.8014083 ]
 [  7.5843945 ]
 [  6.24628   ]
 [  4.7721047 ]
 [  4.2043757 ]
 [  5.3281393 ]
 [  5.122459  ]
 [ -0.26041254]
 [  7.0699434 ]
 [  4.6510015 ]
 [  7.6563954 ]
 [  4.1779513 ]
 [  5.718448  ]
 [  6.981236  ]
 [  3.0050273 ]
 [  5.342495  ]
 [  6.028543  ]
 [  8.0978565 ]
 [  6.7579746 ]
 [  7.1520686 ]
 [  9.012612  ]
 [  8.966979  ]
 [  7.584507  ]
 [  8.573893  ]
 [  7.393268  ]
 [  9.0096855 ]
 [  6.257832  ]
 [  7.520418  ]
 [  8.560212  ]
 [  7.7142563 ]
 [  6.787341  ]
 [  7.011474  ]
 [  7.6601048 ]
 [  5.53535   ]
 [  7.0866556 ]
 [  6.941473  ]
 [  8.167845  ]
 [  6.2367296 ]
 [  6.689504  ]
 [  6.6792974 ]
 [  8.399551  ]
 [  7.208003  ]
 [  6.2125015 ]
 [  6.3151174 ]
 [  7.885185  ]
 [  7.869757  ]
 [  6.8340316 ]
 [  7.363516  ]
 [  6.54923   ]
 [  7.816397  ]
 [  5.5692625 ]
 [  6.716791  ]
 [  7.8024426 ]
 [  6.8288693 ]
 [  6.0277143 ]
 [  6.4686303 ]
 [  6.7445526 ]
 [  4.954469  ]
 [  6.320391  ]
 [  6.177226  ]
 [  6.996729  ]
 [  5.456036  ]
 [  6.0618296 ]
 [  5.7779    ]
 [  7.406353  ]
 [  6.003082  ]
 [  3.7741768 ]
 [  3.4692693 ]
 [  3.9100313 ]
 [  6.1888223 ]
 [  4.662232  ]
 [  3.4652603 ]
 [  4.423392  ]
 [  4.129815  ]
 [  2.881502  ]
 [  5.1083374 ]
 [  5.7890525 ]
 [  3.808223  ]
 [  3.7039247 ]
 [  5.223578  ]
 [  3.1833868 ]
 [  4.2654214 ]
 [  3.786307  ]
 [  5.142134  ]
 [  3.795211  ]
 [  4.404977  ]
 [  4.5564995 ]
 [  4.0923505 ]
 [  5.474555  ]
 [ -0.4003417 ]
 [  9.778219  ]
 [  2.3380992 ]
 [  3.7835867 ]
 [  3.011435  ]
 [  6.082996  ]
 [  2.7564676 ]
 [  3.0724869 ]
 [ 10.8162775 ]
 [  7.2244034 ]
 [  2.1814709 ]
 [  6.9782343 ]
 [  0.5187443 ]
 [  5.629675  ]
 [  6.6516933 ]
 [  1.6058282 ]
 [  6.95814   ]
 [  3.7247307 ]
 [  4.172778  ]
 [  4.8954506 ]
 [  1.9018229 ]
 [  6.5841784 ]
 [  4.5031266 ]
 [  0.44150046]
 [  8.057446  ]
 [  6.757792  ]
 [  4.0735607 ]
 [  3.5844464 ]
 [  4.1825895 ]
 [  6.0005174 ]
 [  1.1307005 ]
 [  4.3667674 ]
 [  1.7456024 ]
 [  4.968727  ]
 [  4.203916  ]
 [  7.0097857 ]
 [  6.6375117 ]
 [  4.8723187 ]
 [  6.6967335 ]
 [  4.023575  ]
 [  4.9762855 ]
 [  4.412209  ]
 [  4.4004884 ]
 [  1.5527202 ]
 [  3.9100153 ]
 [  6.5738254 ]
 [  0.8942796 ]
 [  3.6710935 ]
 [  6.898093  ]
 [  5.5481772 ]
 [  3.3296356 ]
 [  2.8623674 ]
 [  3.439846  ]
 [  4.9283347 ]
 [  0.77616626]
 [  3.5866733 ]
 [  1.0935862 ]
 [  4.0759907 ]
 [  3.4461725 ]
 [  5.72042   ]
 [  5.6408153 ]
 [  3.9558861 ]
 [  5.5929565 ]
 [  3.1954086 ]
 [  4.0890512 ]
 [  3.4946423 ]
 [  3.6753433 ]
 [  1.1074339 ]
 [  3.2917533 ]
 [  5.455739  ]
 [  0.5739352 ]
 [  2.959029  ]
 [  2.999185  ]
 [  2.2196598 ]
 [  1.1795361 ]
 [  4.3815813 ]
 [  4.433102  ]
 [  2.6950247 ]
 [  2.4435725 ]
 [  0.43495083]
 [ -1.2301784 ]
 [  1.9784595 ]
 [  3.794408  ]
 [ -0.7091347 ]
 [  4.603809  ]
 [  0.7953868 ]
 [  2.3392403 ]
 [  1.7957569 ]
 [  1.8875    ]
 [  0.776977  ]
 [  2.6580682 ]
 [ -0.47343305]
 [  2.4938126 ]
 [  0.66288555]
 [ -0.01262171]
 [  2.2050288 ]
 [ -6.8222356 ]
 [ -2.029646  ]
 [ -3.6780798 ]
 [ -3.3948972 ]
 [ -6.7422147 ]
 [ -4.3881764 ]
 [ -3.8628438 ]
 [ -4.4413705 ]
 [ -3.695448  ]
 [ -4.9050355 ]
 [ -6.148282  ]
 [ -5.0027747 ]
 [ -5.2325726 ]
 [ -2.718945  ]
 [  0.7087635 ]
 [ -6.6532526 ]
 [ -3.9150836 ]
 [ -8.266528  ]
 [ -4.100167  ]
 [ -1.6546979 ]
 [ -4.924851  ]
 [ -1.2899506 ]
 [ -2.2788067 ]
 [ -6.102176  ]
 [ -6.049654  ]
 [ -7.7208366 ]
 [ -5.8474374 ]
 [ -7.5208735 ]
 [ -6.7411127 ]
 [ -7.9492736 ]
 [ -6.6964374 ]
 [ -5.655008  ]
 [ -6.741443  ]
 [ -5.2470717 ]
 [ -7.406395  ]
 [ -8.6010065 ]
 [ -6.111327  ]
 [ -5.9874916 ]
 [ -7.138178  ]
 [ -7.7091923 ]
 [ -4.2942514 ]
 [ -6.9031534 ]
 [ -5.6537075 ]
 [ -5.9647584 ]
 [ -4.2837734 ]
 [ -5.5960402 ]
 [ -5.3551874 ]
 [ -7.392501  ]
 [ -5.533327  ]
 [ -7.058815  ]
 [ -5.2582173 ]
 [ -6.625449  ]
 [ -6.0098395 ]
 [ -7.208816  ]
 [ -5.865123  ]
 [ -5.1296287 ]
 [ -6.0546713 ]
 [ -4.77318   ]
 [ -6.52981   ]
 [ -7.851946  ]
 [ -5.503553  ]
 [ -5.4833093 ]
 [ -6.537149  ]
 [ -6.8275137 ]
 [ -3.9397388 ]
 [ -6.164252  ]
 [ -5.0862093 ]
 [ -5.3059916 ]
 [ -3.8482342 ]
 [ -5.2387686 ]
 [ -4.721859  ]
 [ -6.5651836 ]
 [ -5.379747  ]
 [ -4.585413  ]
 [ -2.932754  ]
 [ -2.277385  ]
 [ -4.4334884 ]
 [ -5.6336656 ]
 [ -2.5671322 ]
 [ -3.4052238 ]
 [ -3.380006  ]
 [ -2.3615844 ]
 [ -4.4052353 ]
 [ -6.3737273 ]
 [ -2.8245575 ]
 [ -3.9568067 ]
 [ -4.701448  ]
 [ -3.3954253 ]
 [ -3.034293  ]
 [ -3.3667662 ]
 [ -4.0644145 ]
 [ -3.2320468 ]
 [ -2.9028976 ]
 [ -4.4647727 ]
 [ -3.5679333 ]
 [ -4.94722   ]
 [ -3.7152905 ]
 [ -5.1946144 ]
 [ -3.1389341 ]
 [ -5.1884933 ]
 [ -3.7544515 ]
 [ -4.9003134 ]
 [ -7.7288904 ]
 [ -3.329372  ]
 [-10.908792  ]
 [ -6.286966  ]
 [ -0.86158204]
 [ -2.6472018 ]
 [ -2.6048906 ]
 [ -6.7269588 ]
 [ -1.9090142 ]
 [ -4.0477233 ]
 [ -4.6709676 ]
 [ -3.4658914 ]
 [ -3.0787354 ]
 [ -8.899185  ]
 [ -5.961509  ]
 [ -5.116754  ]
 [ -7.216671  ]
 [ -2.66478   ]
 [ -8.278129  ]
 [ -3.3943088 ]
 [ -5.767352  ]
 [ -6.5280285 ]
 [ -7.665452  ]
 [ -4.506751  ]
 [ -6.5953383 ]
 [ -6.462992  ]
 [ -7.2330146 ]
 [ -5.193963  ]
 [ -4.110565  ]
 [ -5.2212973 ]
 [ -7.0959296 ]
 [ -5.419644  ]
 [ -4.353807  ]
 [ -4.294131  ]
 [ -5.009988  ]
 [ -4.1139774 ]
 [ -5.6522965 ]
 [ -7.1189213 ]
 [ -6.194138  ]
 [ -6.027092  ]
 [ -4.878262  ]
 [ -5.775685  ]
 [ -7.066761  ]
 [ -2.5750406 ]
 [ -4.85305   ]
 [ -5.4872737 ]
 [ -6.5624948 ]
 [ -3.5904152 ]
 [ -5.623353  ]
 [ -5.4915986 ]
 [ -6.057105  ]
 [ -4.29597   ]
 [ -3.3663583 ]
 [ -4.193374  ]
 [ -6.016082  ]
 [ -4.4538913 ]
 [ -3.55959   ]
 [ -3.4053345 ]
 [ -4.162748  ]
 [ -3.2583787 ]
 [ -4.809228  ]
 [ -6.054545  ]
 [ -5.3220835 ]
 [ -5.0190086 ]
 [ -4.133358  ]
 [ -4.8401117 ]
 [ -3.8236437 ]
 [ -0.7049614 ]
 [ -2.398927  ]
 [ -5.29438   ]
 [ -6.035211  ]
 [ -0.8756019 ]
 [ -3.5552762 ]
 [ -3.5073192 ]
 [ -2.7221208 ]
 [ -2.3642213 ]
 [ -3.7481966 ]
 [ -0.94714624]
 [ -4.104313  ]
 [ -1.4142731 ]
 [ -3.670172  ]
 [ -1.2685192 ]
 [ -4.1954217 ]
 [ -2.3199635 ]
 [ -4.2169657 ]
 [ -2.5811224 ]
 [ -4.9729495 ]
 [ -2.164675  ]
 [ -2.6817262 ]
 [ -3.2467182 ]]