[ 7.24951172
  3.17333984
  4.16894531
  4.82421875
  6.24267578
  4.93164062
  7.03515625
  4.54199219
  7.17285156
  6.20751953
  4.59716797
  3.95556641
  5.33398438
  4.76025391
 -0.17285156
  6.92236328
  4.67626953
  7.35498047
  4.14013672
  5.41210938
  6.75976562
  2.86376953
  5.22753906
  5.86230469]
[8.06054688
 6.67382812
 7.03466797
 8.64013672
 8.46533203
 7.18554688
 8.48876953
 7.15722656
 8.46240234
 6.17041016
 7.2265625
 8.17626953
 7.51367188
 6.45214844
 6.81005859
 7.35205078
 5.46972656
 7.02734375
 6.83642578
 7.62744141
 6.09179688
 6.48339844
 6.37988281
 7.97070312]
[7.17578125
 6.13476562
 6.20849609
 7.56201172
 7.42822266
 6.48242188
 7.30517578
 6.34277344
 7.33740234
 5.49072266
 6.453125
 7.45556641
 6.640625
 5.73144531
 6.27685547
 6.46728516
 4.88378906
 6.265625
 6.08642578
 6.53173828
 5.33007812
 5.87988281
 5.52441406
 7.02734375]
[5.89990234
 3.73193359
 3.41113281
 3.67822266
 5.90283203
 4.4140625
 3.43164062
 4.29785156
 3.8125
 2.91015625
 4.90966797
 5.59570312
 3.58837891
 3.56103516
 5.06396484
 2.99951172
 4.0859375
 3.78222656
 5.13330078
 3.51367188
 4.20947266
 4.47753906
 3.8203125
 5.20751953]
[-0.27392578
  9.49316406
  2.25732422
  3.61865234
  2.93603516
  5.81152344
  2.93554688
  2.92236328
 10.49853516
  6.89111328
  2.00244141
  6.85009766
  0.37402344
  5.37597656
  6.31347656
  1.45263672
  6.64306641
  3.77929688
  4.13037109
  4.64794922
  1.88574219
  6.50634766
  4.32421875
  0.47607422]
[7.92578125
 6.74853516
 3.73339844
 3.45410156
 3.93359375
 5.82128906
 1.51220703
 4.29394531
 1.79931641
 4.79492188
 3.91992188
 6.79833984
 6.15234375
 4.56298828
 6.25537109
 3.72509766
 4.71875
 4.40722656
 4.28369141
 1.6015625
 3.82617188
 6.36230469
 1.05371094
 3.5078125 ]
[6.77734375
 5.54736328
 3.03027344
 2.75683594
 3.23632812
 4.78417969
 1.10791016
 3.53222656
 1.16650391
 3.92773438
 3.20507812
 5.55615234
 5.21484375
 3.70166016
 5.21240234
 2.94580078
 3.86914062
 3.49902344
 3.57470703
 1.16796875
 3.21679688
 5.27832031
 0.71972656
 2.828125  ]
[ 2.95703125
  2.21191406
  0.90820312
  4.15136719
  4.22216797
  2.5859375
  2.53027344
  0.46875
 -1.06298828
  1.88330078
  3.56298828
 -0.64550781
  4.29541016
  0.72802734
  2.08642578
  1.68115234
  1.76025391
  0.82128906
  2.61474609
 -0.37792969
  2.29638672
  0.60498047
  0.09082031
  2.10595703]
[-6.81201172
 -2.15820312
 -3.64111328
 -3.17626953
 -6.27490234
 -4.25
 -3.98242188
 -4.13427734
 -3.34228516
 -4.97998047
 -5.95458984
 -4.63818359
 -5.26953125
 -2.45898438
  0.57226562
 -6.57861328
 -3.92236328
 -7.85546875
 -4.04248047
 -1.49951172
 -4.77832031
 -1.23193359
 -2.34472656
 -5.91943359]
[-6.10058594
 -7.59521484
 -5.84179688
 -7.24804688
 -6.33691406
 -7.62207031
 -6.65478516
 -5.47167969
 -6.19482422
 -5.22753906
 -7.18847656
 -8.18798828
 -5.984375
 -5.73486328
 -6.97509766
 -7.44189453
 -4.21582031
 -6.78027344
 -5.63720703
 -5.48046875
 -4.17089844
 -5.43554688
 -5.13476562
 -7.00976562]
[-5.57324219
 -6.94482422
 -5.24414062
 -6.38671875
 -5.65136719
 -6.91308594
 -5.84033203
 -4.96777344
 -5.57373047
 -4.74707031
 -6.33300781
 -7.48486328
 -5.375
 -5.24853516
 -6.37744141
 -6.58056641
 -3.85839844
 -6.05957031
 -5.06884766
 -4.8828125
 -3.74902344
 -5.08984375
 -4.53125
 -6.22460938]
[-5.30273438
 -4.51269531
 -2.9453125
 -2.14453125
 -4.23779297
 -5.40234375
 -2.56640625
 -3.31835938
 -3.04541016
 -2.42236328
 -4.28076172
 -6.18066406
 -2.63427734
 -3.82080078
 -4.59423828
 -3.22216797
 -2.86279297
 -3.3515625
 -4.11181641
 -2.953125
 -2.75634766
 -4.37744141
 -3.32519531
 -4.69970703]
[ -3.69482422
  -5.09472656
  -3.07861328
  -4.92822266
  -3.58886719
  -4.59912109
  -7.578125
  -3.23291016
 -10.57519531
  -6.03808594
  -0.76953125
  -2.65917969
  -2.52294922
  -6.37109375
  -1.80517578
  -3.85546875
  -4.61865234
  -3.48876953
  -3.07080078
  -8.50976562
  -5.77050781
  -4.92675781
  -6.89697266
  -2.625     ]
[-8.10595703
 -3.40283203
 -5.48828125
 -6.21582031
 -7.27539062
 -4.1875
 -6.58544922
 -6.28710938
 -7.01464844
 -5.01660156
 -3.83447266
 -5.06738281
 -6.77734375
 -5.08105469
 -4.10644531
 -4.02880859
 -4.93603516
 -4.18847656
 -5.46826172
 -6.81298828
 -6.06005859
 -5.81005859
 -4.67919922
 -5.49316406]
[-6.91064453
 -2.58837891
 -4.609375
 -5.21972656
 -6.23242188
 -3.3203125
 -5.60693359
 -5.34375
 -5.88378906
 -4.14355469
 -3.13134766
 -4.07714844
 -5.74023438
 -4.17285156
 -3.35058594
 -3.18505859
 -4.10400391
 -3.33300781
 -4.64794922
 -5.79931641
 -5.20458984
 -4.83740234
 -3.95849609
 -4.60253906]
[-3.74267578
 -0.72998047
 -2.21679688
 -4.99804688
 -5.74267578
 -0.72070312
 -3.48388672
 -3.41210938
 -2.66064453
 -2.2890625
 -3.5078125
 -0.89355469
 -3.90332031
 -1.32324219
 -3.44677734
 -1.15087891
 -4.08544922
 -2.35302734
 -4.11523438
 -2.48095703
 -4.76464844
 -2.12255859
 -2.54296875
 -3.10205078]
