000001110100100
000000110001011
000001000011011
000001010001111
000001101010110
000001010010101
000001110001000
000001001100110
000001111001010
000001100011111
000001001100010
000001000011010
000001010101010
000001010001111
111111111011111
000001110001000
000001001010011
000001111010100
000001000010110
000001011011011
000001101111101
000000110000000
000001010101011
000001100000011
000010000001100
000001101100001
000001110010011
000010010000001
000010001111011
000001111001010
000010001001001
000001110110010
000010010000001
000001100100001
000001111000010
000010001000111
000001111011011
000001101100100
000001110000001
000001111010100
000001011000100
000001110001011
000001101111000
000010000010101
000001100011110
000001101011000
000001101010110
000010000110011
000001110011010
000001100011011
000001100101000
000001111110001
000001111101111
000001101101010
000001110101110
000001101000110
000001111101000
000001011001000
000001101011011
000001111100110
000001101101010
000001100000011
000001100111011
000001101011111
000001001111010
000001100101001
000001100010110
000001101111111
000001010111010
000001100000111
000001011100011
000001110110100
000001100000000
000000111100011
000000110111100
000000111110100
000001100011000
000001001010100
000000110111011
000001000110110
000001000010000
000000101110000
000001010001101
000001011100100
000000111100111
000000111011010
000001010011100
000000110010111
000001000100001
000000111100100
000001010010010
000000111100101
000001000110011
000001001000111
000001000001011
000001010111100
111111111001101
000010011100011
000000100101011
000000111100100
000000110000001
000001100001010
000000101100000
000000110001001
000010101101000
000001110011100
000000100010111
000001101111101
000000001000010
000001011010000
000001101010011
000000011001101
000001101111010
000000111011100
000001000010110
000001001110010
000000011110011
000001101001010
000001001000000
000000000111000
000010000000111
000001101100000
000001000001001
000000111001010
000001000010111
000001100000000
000000010010000
000001000101110
000000011011111
000001001111011
000001000011010
000001110000001
000001101010001
000001001101111
000001101011001
000001000000011
000001001111100
000001000110100
000001000110011
000000011000110
000000111110100
000001101001001
000000001110010
000000111010101
000001101110010
000001011000110
000000110101010
000000101101110
000000110111000
000001001110110
000000001100011
000000111001011
000000010001011
000001000001001
000000110111001
000001011011100
000001011010010
000000111111010
000001011001011
000000110011001
000001000001011
000000110111111
000000111010110
000000010001101
000000110100101
000001010111010
000000001001001
000000101111010
000000101111111
000000100011100
000000010010110
000001000110000
000001000110111
000000101011000
000000100111000
000000000110111
111111101100011
000000011111101
000000111100101
111111110100110
000001001001101
000000001100101
000000100101011
000000011100101
000000011110001
000000001100011
000000101010100
111111111000100
000000100111111
000000001010100
111111111111111
000000100011010
111110010010111
111111011111101
111111000101010
111111001001110
111110010100001
111110111001111
111111000010010
111110111001000
111111000100111
111110110001101
111110011101110
111110110000000
111110101100011
111111010100100
000000001011010
111110010101101
111111000001011
111101111011110
111110111110100
111111100101101
111110110001010
111111101011011
111111011011101
111110011110011
111110011111010
111110000100100
111110100010100
111110000111110
111110010100010
111110000000111
111110010100111
111110100101101
111110010100010
111110101100001
111110001001100
111101110110100
111110011110010
111110100000010
111110001101111
111110000100110
111110111011011
111110010001101
111110100101101
111110100000101
111110111011100
111110100110100
111110101010011
111110001001110
111110100111100
111110001111001
111110101011111
111110010110000
111110011111111
111110001100110
111110100010010
111110101110000
111110011111010
111110110011110
111110010111101
111110000010011
111110101000000
111110101000011
111110010111100
111110010010111
111111000001000
111110011101011
111110101110101
111110101011001
111111000010100
111110101100010
111110110100100
111110010111000
111110101010000
111110110110110
111111010001001
111111011011101
111110111001001
111110100101111
111111010111000
111111001001101
111111001010000
111111011010010
111110111001101
111110011010001
111111010010111
111111000000110
111110110100111
111111001001110
111111001111100
111111001010010
111110111111000
111111001100011
111111010001101
111110111000101
111111000111000
111110110000111
111111000100101
111110101101000
111111001101111
111110101101000
111111000100000
111110110001101
111110000100011
111111001010110
111101010001100
111110011011100
111111110010010
111111010101110
111111010110011
111110010100011
111111100001100
111110111111010
111110110101011
111111001000101
111111001110110
111101110001101
111110100000101
111110101110010
111110001100101
111111010101011
111101111011101
111111001001110
111110100011110
111110010111101
111110000101011
111110111000000
111110010110100
111110011000101
111110001100011
111110101101000
111110111110010
111110101100100
111110001110100
111110101001011
111110111010011
111110111011011
111110101111111
111110111110010
111110100101101
111110001110001
111110011101000
111110011111101
111110110010000
111110100011101
111110001111000
111111010110111
111110110010011
111110101000010
111110010111001
111111000110101
111110100110001
111110101000010
111110011111001
111110111011011
111111001010010
111110111101000
111110011111110
111110111000110
111111000111001
111111001001101
111110111101100
111111001011111
111110110011001
111110011111010
111110101010111
111110101111110
111110111101111
111110110010101
111111000010111
111111110100110
111111011001101
111110101011011
111110011111100
111111110010000
111111000111001
111111001000000
111111010100100
111111011010010
111111000100001
111111110000111
111110111110011
111111101001011
111111000101011
111111101011110
111110111100111
111111011011000
111110111100101
111111010110110
111110110000100
111111011101011
111111010101001
111111001100001
