1 3.0908518 5.3203125 2.2294607 0.00742690001303951
2 4.2172275 5.265625 1.0483975 0.010157101942847174
4 6.674639 7.71875 1.044111 0.013692878574753802
6 7.069605 5.5078125 1.5617925 0.019543873379006982
10 4.7721047 6.25 1.4778953 0.025750684765322756
11 4.2043757 7.7578125 3.5534368 0.03500442631775513
13 5.122459 3.25 1.872459 0.04246440613254284
14 -0.26041254 3.3671875 3.106775 0.05055496614659205
16 4.6510015 7.2734375 2.622436 0.05974329160138343
18 4.1779513 5.3046875 1.1267362 0.06469128193566576
19 5.718448 2.4921875 3.2262604 0.07309300178894773
20 6.981236 5.3203125 1.6609235 0.07741832335401948
23 6.028543 4.328125 1.700418 0.08421634500458215
25 6.7579746 8.3984375 1.6404629 0.09022840723628178
30 8.573893 7.125 1.448893 0.1010041931294836
35 8.560212 11.1484375 2.5882256 0.11400996942150715
37 6.787341 5.0625 1.724841 0.11985621867158137
38 7.011474 9.6015625 2.5900886 0.12660124108272913
40 5.53535 7.4296875 1.8943375 0.13412827193193755
43 8.167845 5.203125 2.96472 0.1455394799704663
44 6.2367296 4.703125 1.5336046 0.1495332420066309
47 8.399551 6.5859375 1.8136135 0.15782078085855267
49 6.2125015 7.484375 1.2718735 0.162936019032107
54 7.363516 6.1953125 1.1682035 0.171581157502563
59 7.8024426 9.6328125 1.83037 0.1819816288577082
61 6.0277143 4.5078125 1.5199018 0.18697536567924541
62 6.4686303 8.34375 1.8751197 0.19185848986186704
64 4.954469 6.2578125 1.3033435 0.1975781087336751
67 6.996729 4.609375 2.387354 0.20630382329303146
68 5.456036 4.109375 1.346661 0.2098107529066813
71 7.406353 5.859375 1.546978 0.21751132609400273
72 6.003082 4.4140625 1.5890195 0.22164939780486742
85 3.7039247 2.6015625 1.1023622 0.23749135982749667
92 4.404977 2.6875 1.717477 0.25033986927398166
93 4.5564995 3.0703125 1.486187 0.2542101478708597
94 4.0923505 2.609375 1.4829755 0.2580720631910177
97 9.778219 5.578125 4.200094 0.27240716326438513
98 2.3380992 -0.0546875 2.2834117 0.27835354800724116
100 3.011435 -0.140625 2.87081 0.2876871006446891
102 2.7564676 5.109375 2.3529074 0.29396453923739807
103 3.0724869 1.984375 1.0881119 0.29679816391823505
104 10.8162775 9.5859375 1.23034 0.3000021743452332
107 6.9782343 -0.421875 6.5563593 0.3202397765999194
108 0.5187443 -1.625 1.1062557 0.3231206506898161
109 5.629675 7.203125 1.57345 0.3272181766515132
110 6.6516933 -0.40625 6.2454433 0.3434823520268158
112 6.95814 1.5 5.45814 0.3596179292944725
113 3.7247307 1.3515625 2.3731682 0.36579805489357864
114 4.172778 1.734375 2.438403 0.3721480624226387
115 4.8954506 9.3828125 4.487362 0.3838339007246152
116 1.9018229 3.515625 1.6138021 0.38803651029593306
119 0.44150046 2.4609375 2.019437 0.39568345395188464
121 6.757792 3.046875 3.710917 0.40540115186013276
122 4.0735607 1.546875 2.5266857 0.4119810625755538
124 4.1825895 1.0703125 3.112277 0.4218927771629144
126 1.1307005 3.328125 2.1974244 0.4276776191206105
127 4.3667674 3.328125 1.0386424 0.4303824170541095
130 4.203916 0.9453125 3.2586036 0.4418680394737748
131 7.0097857 0.1953125 6.814473 0.45961406330752647
132 6.6375117 4.2109375 2.4265742 0.46593326703199023
133 4.8723187 6.1484375 1.2761188 0.46925649295735633
134 6.6967335 0.140625 6.5561085 0.4863296921103028
136 4.9762855 -0.015625 4.9606605 0.5001225578647184
137 4.412209 2.1015625 2.3106465 0.5061398665469217
138 4.4004884 2.0078125 2.3926759 0.5123707933089462
139 1.5527202 5.6640625 4.1113424 0.5230774142207033
140 3.9100153 5.1953125 1.2852972 0.5264245422295061
143 3.6710935 5.1640625 1.492969 0.5334859415937291
145 5.5481772 2.15625 3.3919272 0.5424420529016059
146 3.3296356 1.0703125 2.2593231 0.5483257068602444
148 3.439846 0.6484375 2.7914085 0.5573931571998398
150 0.77616626 2.6640625 1.8878963 0.5625705165681815
154 3.4461725 0.46875 2.9774225 0.575356496502839
155 5.72042 -0.21875 5.50167 0.5896837618250474
156 5.6408153 3.40625 2.2345653 0.5955029421844905
157 3.9558861 5.0703125 1.1144264 0.5984050942012494
158 5.5929565 -0.2265625 5.366394 0.6123800786881473
160 4.0890512 -0.3203125 3.7687387 0.622906329037505
161 3.4946423 1.453125 2.0415173 0.6282227802294071
162 3.6753433 1.515625 2.1597183 0.6338470465707358
163 1.1074339 4.65625 3.5488162 0.6430887554355041
164 3.2917533 4.453125 1.1613717 0.6461131609248694
167 2.959029 4.2578125 1.2987835 0.6523004001210209
168 2.999185 5.7734375 2.7742524 0.6595250157843109
169 2.2196598 -0.2109375 2.0087223 0.6647560634543573
172 4.433102 2.8671875 1.5659145 0.6718210879917021
176 -1.2301784 -2.625 1.3948216 0.6785156141316594
177 1.9784595 3.1484375 1.169978 0.6815624318987827
178 3.794408 1.0078125 2.7865956 0.688819191229413
180 4.603809 2.3984375 2.2053716 0.6951476581986448
181 0.7953868 2.2109375 1.4155507 0.6988339881694019
184 1.8875 2.9140625 1.0265625 0.7022747505252479
188 2.4938126 5.09375 2.5999374 0.7129390387902577
189 0.66288555 3.0234375 2.3605518 0.7190863091915766
190 -0.01262171 2.3203125 2.3076909 0.7250959208031416
193 -2.029646 -4.6484375 2.6187916 0.7342757669539421
194 -3.6780798 -5.109375 1.4312952 0.7380030980906059
196 -6.7422147 -8.1328125 1.3905978 0.7420202221207242
198 -3.8628438 -2.78125 1.0815938 0.7454001574030067
202 -6.148282 -8.0 1.851718 0.7523449749326875
203 -5.0027747 -8.78125 3.7784753 0.7621847543196052
204 -5.2325726 -6.609375 1.3768024 0.7657701773520479
205 -2.718945 -1.3203125 1.3986325 0.7694124495562086
206 0.7087635 -3.3203125 2.611549 0.7762133581515321
208 -3.9150836 -6.875 2.9599164 0.7852157512631187
209 -8.266528 -9.28125 1.014722 0.7878582564444512
210 -4.100167 -5.59375 1.493583 0.791747795413054
212 -4.924851 -3.71875 1.206101 0.7964105202457477
215 -6.102176 -4.7734375 1.3287385 0.8007572834176241
217 -7.7208366 -9.8828125 2.1619759 0.8065981163866426
218 -5.8474374 -7.1796875 1.3322501 0.8100675177362666
220 -6.7411127 -7.9921875 1.2510748 0.8136780679681878
226 -7.406395 -9.0234375 1.6170425 0.8229047913094589
227 -8.6010065 -11.671875 3.0708685 0.8309018446743716
228 -6.111327 -7.2421875 1.1308604 0.8338467937574018
229 -5.9874916 -4.8984375 1.0890541 0.836682872162782
230 -7.138178 -10.265625 3.127447 0.8448272651051709
232 -4.2942514 -6.7265625 2.432311 0.8522961866256077
233 -6.9031534 -8.0390625 1.1359091 0.8552542831894238
234 -5.6537075 -7.0546875 1.40098 0.8589026685949642
235 -5.9647584 -3.5625 2.4022584 0.8651585498349348
239 -7.392501 -6.1796875 1.2128135 0.871826314440113
241 -7.058815 -8.890625 1.83181 0.8768665475023828
242 -5.2582173 -6.3359375 1.0777202 0.8796731104327283
250 -6.52981 -7.875 1.34519 0.8894327993766632
251 -7.851946 -10.171875 2.319929 0.8954742808467315
252 -5.503553 -6.5078125 1.0042595 0.8980895398757027
254 -6.537149 -8.984375 2.447226 0.9067383950217234
256 -3.9397388 -5.8046875 1.8649487 0.9124275875850187
258 -5.0862093 -6.2890625 1.2028532 0.917919550396618
259 -5.3059916 -3.515625 1.7903666 0.9225819635466901
264 -5.379747 -4.15625 1.223497 0.9308519306893378
265 -4.585413 -5.7109375 1.1255245 0.9337829841291139
274 -4.4052353 -5.515625 1.1103897 0.9432140172527089
284 -2.9028976 -1.625 1.2778976 0.9554521394456964
285 -4.4647727 -3.359375 1.1053977 0.9583307792927366
286 -3.5679333 -2.4921875 1.0757458 0.9611322007015886
