000000000000000
000000000000000
000000000000000
000000000000000
000000000000000
000000000000000
000000000000000
000000000000000
000000000000000
000000000000000
000000000000000
000000000000000
000000000000000
000000000000000
000000000000000
000000000000000
000000000000000
000000000000000
000000000000000
000000000000000
000000000000000
000000000000000
000000000000000
000000000000000
000000000000000
000000000000000
000000000000000
000000000000000
000000000000000
000000000000000
000000000000000
000000000000000
000000000000000
000000000000000
000000000000000
000000000000000
000000000000000
000000000000000
000000000000000
000000000000000
000000000000000
000000000000000
000000000000000
000000000000000
000000000000000
000000000000000
000000000000000
000000000000000
000000000000000
000000000000000
000000000000000
000000000000000
000000000000000
000000000000000
000000000000000
000000000000000
000000000000000
000000000000000
000000000000000
000000000000000
000000000000000
000000000000000
000000000000000
000000000000000
000000000000000
000000000000000
000000000000000
000000000000000
000000000000000
000000000000000
000000000000000
000000000000000
000000000000000
000000000000000
000000000000000
000000000000000
000000000000000
000000000000000
000000000000000
000000000000000
000000000000000
000000000000000
000000000000000
000000000000000
000010000000000
000001111111000
000001111110000
000001111101000
000001111100000
000001111011000
000001111010000
000001111001000
000001111000000
000001110111000
000001110110000
000001110101000
000001110100000
000001110011000
000001110010000
000001110001000
000001110000000
000001101111000
000001101110000
000001101101000
000001101100000
000001101011000
000001101010000
000001101001000
000001101000000
000001100111000
000001100110000
000001100101000
000001100100000
000001100011000
000001100010000
000001100001000
000001100000000
000001011111000
000001011110000
000001011101000
000001011100000
000001011011000
000001011010000
000001011001000
000001011000000
000001010111000
000001010110000
000001010101000
000001010100000
000001010011000
000001010010000
000001010001000
000000000000000
000000000000000
000000000000000
000000000000000
000000000000000
000000000000000
000000000000000
000000000000000
000000000000000
000000000000000
000000000000000
000000000000000
000000000000000
000000000000000
000000000000000
000000000000000
000000000000000
000000000000000
000000000000000
000000000000000
000000000000000
000000000000000
000000000000000
000000000000000
000001010000000
000001001111000
000001001110000
000001001101000
000001001100000
000001001011000
000001001010000
000001001001000
000001001000000
000001000111000
000001000110000
000001000101000
000001000100000
000001000011000
000001000010000
000001000001000
000001000000000
000000111111000
000000111110000
000000111101000
000000111100000
000000111011000
000000111010000
000000111001000
000000111000000
000000110111000
000000110110000
000000110101000
000000110100000
000000110011000
000000110010000
000000110001000
000000110000000
000000101111000
000000101110000
000000101101000
000000101100000
000000101011000
000000101010000
000000101001000
000000101000000
000000100111000
000000100110000
000000100101000
000000100100000
000000100011000
000000100010000
000000100001000
000000000000000
000000000000000
000000000000000
000000000000000
000000000000000
000000000000000
000000000000000
000000000000000
000000000000000
000000000000000
000000000000000
000000000000000
000000000000000
000000000000000
000000000000000
000000000000000
000000000000000
000000000000000
000000000000000
000000000000000
000000000000000
000000000000000
000000000000000
000000000000000
111110000000000
111110000001000
111110000010000
111110000011000
111110000100000
111110000101000
111110000110000
111110000111000
111110001000000
111110001001000
111110001010000
111110001011000
111110001100000
111110001101000
111110001110000
111110001111000
111110010000000
111110010001000
111110010010000
111110010011000
111110010100000
111110010101000
111110010110000
111110010111000
111110011000000
111110011001000
111110011010000
111110011011000
111110011100000
111110011101000
111110011110000
111110011111000
111110100000000
111110100001000
111110100010000
111110100011000
111110100100000
111110100101000
111110100110000
111110100111000
111110101000000
111110101001000
111110101010000
111110101011000
111110101100000
111110101101000
111110101110000
111110101111000
000000000000000
000000000000000
000000000000000
000000000000000
000000000000000
000000000000000
000000000000000
000000000000000
000000000000000
000000000000000
000000000000000
000000000000000
000000000000000
000000000000000
000000000000000
000000000000000
000000000000000
000000000000000
000000000000000
000000000000000
000000000000000
000000000000000
000000000000000
000000000000000
111110110000000
111110110001000
111110110010000
111110110011000
111110110100000
111110110101000
111110110110000
111110110111000
111110111000000
111110111001000
111110111010000
111110111011000
111110111100000
111110111101000
111110111110000
111110111111000
111111000000000
111111000001000
111111000010000
111111000011000
111111000100000
111111000101000
111111000110000
111111000111000
111111001000000
111111001001000
111111001010000
111111001011000
111111001100000
111111001101000
111111001110000
111111001111000
111111010000000
111111010001000
111111010010000
111111010011000
111111010100000
111111010101000
111111010110000
111111010111000
111111011000000
111111011001000
111111011010000
111111011011000
111111011100000
111111011101000
111111011110000
111111011111000
000000000000000
000000000000000
000000000000000
000000000000000
000000000000000
000000000000000
000000000000000
000000000000000
000000000000000
000000000000000
000000000000000
000000000000000
000000000000000
000000000000000
000000000000000
000000000000000
000000000000000
000000000000000
000000000000000
000000000000000
000000000000000
000000000000000
000000000000000
000000000000000
000000000000000
000000000000000
000000000000000
000000000000000
000000000000000
000000000000000
000000000000000
000000000000000
000000000000000
000000000000000
000000000000000
000000000000000
000000000000000
000000000000000
000000000000000
000000000000000
000000000000000
000000000000000
000000000000000
000000000000000
000000000000000
000000000000000
000000000000000
000000000000000
000000000000000
000000000000000
000000000000000
000000000000000
000000000000000
000000000000000
000000000000000
000000000000000
000000000000000
000000000000000
000000000000000
000000000000000
000000000000000
000000000000000
000000000000000
000000000000000
000000000000000
000000000000000
000000000000000
000000000000000
000000000000000
000000000000000
000000000000000
000000000000000
000000000000000
000000000000000
000000000000000
000000000000000
000000000000000
000000000000000
000000000000000
000000000000000
000000000000000
000000000000000
000000000000000
000000000000000
