[[[[ 0.
     0.
     0.
     0.
     0.
     0.
     0.
     0.
     0.
     0.
     0.
     0.    ]
   [ 0.
     0.
     0.
     0.
     0.
     0.
     0.
     0.
     0.
     0.
     0.
     0.    ]
   [ 0.
     0.
     0.
     0.
     0.
     0.
     0.
     0.
     0.
     0.
     0.
     0.    ]
   [ 0.
     0.
     0.
     0.
     0.
     0.
     0.
     0.
     0.
     0.
     0.
     0.    ]
   [ 0.
     0.
     0.
     0.
     0.
     0.
     0.
     0.
     0.
     0.
     0.
     0.    ]
   [ 0.
     0.
     0.
     0.
     0.
     0.
     0.
     0.
     0.
     0.
     0.
     0.    ]]

  [[ 0.
     0.
     0.
     0.
     0.
     0.
     0.
     0.
     0.
     0.
     0.
     0.    ]
   [ 8.
     7.9375
     7.875
     7.8125
     7.75
     7.6875
     7.625
     7.5625
     7.5
     7.4375
     7.375
     7.3125]
   [ 7.25
     7.1875
     7.125
     7.0625
     7.
     6.9375
     6.875
     6.8125
     6.75
     6.6875
     6.625
     6.5625]
   [ 6.5
     6.4375
     6.375
     6.3125
     6.25
     6.1875
     6.125
     6.0625
     6.
     5.9375
     5.875
     5.8125]
   [ 5.75
     5.6875
     5.625
     5.5625
     5.5
     5.4375
     5.375
     5.3125
     5.25
     5.1875
     5.125
     5.0625]
   [ 0.
     0.
     0.
     0.
     0.
     0.
     0.
     0.
     0.
     0.
     0.
     0.    ]]

  [[ 0.
     0.
     0.
     0.
     0.
     0.
     0.
     0.
     0.
     0.
     0.
     0.    ]
   [ 5.
     4.9375
     4.875
     4.8125
     4.75
     4.6875
     4.625
     4.5625
     4.5
     4.4375
     4.375
     4.3125]
   [ 4.25
     4.1875
     4.125
     4.0625
     4.
     3.9375
     3.875
     3.8125
     3.75
     3.6875
     3.625
     3.5625]
   [ 3.5
     3.4375
     3.375
     3.3125
     3.25
     3.1875
     3.125
     3.0625
     3.
     2.9375
     2.875
     2.8125]
   [ 2.75
     2.6875
     2.625
     2.5625
     2.5
     2.4375
     2.375
     2.3125
     2.25
     2.1875
     2.125
     2.0625]
   [ 0.
     0.
     0.
     0.
     0.
     0.
     0.
     0.
     0.
     0.
     0.
     0.    ]]

  [[ 0.
     0.
     0.
     0.
     0.
     0.
     0.
     0.
     0.
     0.
     0.
     0.    ]
   [-8.
    -7.9375
    -7.875
    -7.8125
    -7.75
    -7.6875
    -7.625
    -7.5625
    -7.5
    -7.4375
    -7.375
    -7.3125]
   [-7.25
    -7.1875
    -7.125
    -7.0625
    -7.
    -6.9375
    -6.875
    -6.8125
    -6.75
    -6.6875
    -6.625
    -6.5625]
   [-6.5
    -6.4375
    -6.375
    -6.3125
    -6.25
    -6.1875
    -6.125
    -6.0625
    -6.
    -5.9375
    -5.875
    -5.8125]
   [-5.75
    -5.6875
    -5.625
    -5.5625
    -5.5
    -5.4375
    -5.375
    -5.3125
    -5.25
    -5.1875
    -5.125
    -5.0625]
   [ 0.
     0.
     0.
     0.
     0.
     0.
     0.
     0.
     0.
     0.
     0.
     0.    ]]

  [[ 0.
     0.
     0.
     0.
     0.
     0.
     0.
     0.
     0.
     0.
     0.
     0.    ]
   [-5.
    -4.9375
    -4.875
    -4.8125
    -4.75
    -4.6875
    -4.625
    -4.5625
    -4.5
    -4.4375
    -4.375
    -4.3125]
   [-4.25
    -4.1875
    -4.125
    -4.0625
    -4.
    -3.9375
    -3.875
    -3.8125
    -3.75
    -3.6875
    -3.625
    -3.5625]
   [-3.5
    -3.4375
    -3.375
    -3.3125
    -3.25
    -3.1875
    -3.125
    -3.0625
    -3.
    -2.9375
    -2.875
    -2.8125]
   [-2.75
    -2.6875
    -2.625
    -2.5625
    -2.5
    -2.4375
    -2.375
    -2.3125
    -2.25
    -2.1875
    -2.125
    -2.0625]
   [ 0.
     0.
     0.
     0.
     0.
     0.
     0.
     0.
     0.
     0.
     0.
     0.    ]]

  [[ 0.
     0.
     0.
     0.
     0.
     0.
     0.
     0.
     0.
     0.
     0.
     0.    ]
   [ 0.
     0.
     0.
     0.
     0.
     0.
     0.
     0.
     0.
     0.
     0.
     0.    ]
   [ 0.
     0.
     0.
     0.
     0.
     0.
     0.
     0.
     0.
     0.
     0.
     0.    ]
   [ 0.
     0.
     0.
     0.
     0.
     0.
     0.
     0.
     0.
     0.
     0.
     0.    ]
   [ 0.
     0.
     0.
     0.
     0.
     0.
     0.
     0.
     0.
     0.
     0.
     0.    ]
   [ 0.
     0.
     0.
     0.
     0.
     0.
     0.
     0.
     0.
     0.
     0.
     0.    ]]]]