000001101010101
000001010101001
000001010100010
000001001100111
000001111011100
000001000111110
000001011000001
000001001100010
000001110111001
000001011000010
000001100100000
000001111100001
000001100101001
000000110100000
000000110101111
000001100010101
000001110100011
000010000110111
000001010100111
000000100111111
000001010101001
000000101100010
000001001010110
000001000101010
000001110110111
000010000110011
000001111101011
000010001000110
000010011001011
000001101010101
000001110010000
000001110011010
000010001001100
000001010111010
000010001000010
000010110010011
000010000011110
000001010001000
000010011001101
000001101010101
000001110110111
000001111100001
000001111011000
000001010011010
000001001011010
000001100011010
000001011100110
000001101001011
000001101000010
000001110111110
000001101100100
000001110101111
000010000011110
000001100000100
000001100011001
000001100100001
000001110101111
000001001101100
000001110110101
000010011010001
000001110011101
000001001000001
000010000101100
000001011101101
000001100100001
000001101011110
000001101011101
000001001001110
000001000001110
000001010111100
000001001111011
000001011101110
000001000110101
000001001000001
000000111100101
000000111000101
000001100100000
000001000101011
000000110010101
000000111110000
000001000010110
000000100010011
000001011100001
000001010100111
000001000011100
000000101001101
000001001011010
000000101001000
000000110101111
000000110010101
000001010010001
000000110100000
000000101011000
000000110001001
000000101001110
000001001001000
111111111111111
000001011001010
111111111111001
000000110001001
111111111101110
000001100010010
000001010001110
000000011111110
000010011001011
000001110111011
111111101100110
111111111001010
111111100110000
000001110011010
111111111001100
000000100101100
000000011000000
000000010101101
000000011011110
000010010110001
000000111000010
000001011100101
000001001010000
000000100111011
000010000001010
000000110000110
000000011000110
000000101110010
000000010001001
000001011111101
000000110101010
000000110101010
000000001101011
000001010011011
000000001111001
000000000011001
000001000011011
000001100010011
000000000010010
000001000101110
111111111111110
000000100001101
000000100000001
000001011010101
000001010011001
000001011010011
000000010011000
000001010010101
000001101111001
000000100010100
000000010001001
000000100010110
000000001010011
000001001101010
000000101010101
000000101011010
000000000011111
000001000100011
000000000111100
111111111100100
000000110110100
000001010001001
111111111100011
000000110111100
111111111010111
000000010111010
000000011000010
000001001010100
000001000111010
000001001010110
000000001101111
000001000100001
000001011100011
111111111100101
111111111001111
000001000000100
000000101101111
000000100001100
000000101010010
000000001101000
111111010110000
000000110010011
000000010000001
111111111000010
000000100110011
000000100011011
000000100110000
000000100000111
000000101110101
000000011010010
000000100011000
111111111011000
000001010001100
000000110000011
000000100101001
000000101101110
111110010110111
111110110101101
111110101110010
111111000111010
111101111101111
111110111101010
111111010011100
111110110101000
111110111111111
111110110101101
111110000000000
111101110011100
111110010110010
111111101010111
111111001010111
111110011101100
111110010010000
111101101011100
111110100110100
000000010001001
111111000100100
111111101000001
111111011101110
111110110011101
111110100000100
111101100001111
111110001101001
111110000101100
111110000000001
111110000101010
111110100011010
111110011111100
111110010001011
111110101111010
111101101111101
111101000101010
111110001100001
111110110001101
111101011011110
111110001011101
111110010100011
111101111111011
111110001111001
111111000111000
111111001010101
111110100100100
111110101110110
111110011101001
111110101001001
111101110001110
111110011010101
111110010011111
111110010000001
111110001111000
111110101011110
111110101001101
111110011100111
111110110101110
111110000010000
111101011101010
111110010111111
111110110110010
111101110000010
111110010111111
111110100011001
111110001110111
111110011011011
111111000111110
111111001110101
111110101100100
111110111000010
111110100101111
111110111101100
111110100100101
111111000101100
111111011010000
111110110000111
111110100100011
111111010101010
111111001100000
111111000010110
111111100000010
111110100111110
111110011100100
111111000110001
111111001100100
111110110110100
111111001101110
111111010111101
111111001110001
111110111000001
111111001111010
111111100110000
111111001010010
111111011000001
111110111000100
111111000010011
111110101100000
111111001100100
111110101110111
111111000011111
111110110011110
111110000100101
111111001010001
111101010100000
111110011101001
111111110001011
111111010011011
111111010101001
111110010111111
111111100000111
111111000000011
111110110011100
111111000101101
111111001100001
111101110101100
111110100001010
111110101111000
111110001111011
111111010011111
111101111010111
111111000110001
111110100100111
111110011001000
111110000111111
111110111001010
111110010011001
111110011000011
111110001100001
111110101100101
111110111110110
111110101011101
111110010000000
111110101011010
111110111011001
111110111100011
111110101101101
111110111010000
111110100101000
111110001111101
111110011011110
111110011111100
111110110010000
111110100100011
111110001101110
111111010011001
111110110010101
111110101001010
111110011000100
111111000111010
111110100011000
111110100111001
111110011110100
111110111010001
111111001010100
111110111010110
111110100000100
111110111001101
111111000111001
111111001001111
111110111011001
111111000111001
111110110001101
111110011111111
111110101001010
111110101111000
111110111101000
111110110010110
111111000010010
111111110001111
111111011001111
111110101101100
111110100001110
111111110010000
111111000101110
111111000111010
111111010010111
111111011000101
111111000101011
111111101111010
111110111111000
111111101000011
111111000110001
111111101011011
111110111100011
111111011000001
111110111100000
111111010110000
111110110001101
111111011100000
111111010100110
111111001100000
