-0.625 -0.61865234375 0.0063476562 9.918212890625e-05
-0.2734375 -0.27099609375 0.0024414062 0.0001373291015625
2.8828125 2.87353515625 0.009277344 0.00028228759765625
2.171875 2.13427734375 0.037597656 0.0008697509765625
1.6640625 1.6669921875 0.0029296875 0.00091552734375
0.0625 0.0625 0.0 0.00091552734375
6.0 5.97265625 0.02734375 0.0013427734375
3.265625 3.2373046875 0.028320312 0.0017852783203125
1.578125 1.5791015625 0.0009765625 0.001800537109375
0.125 0.126953125 0.001953125 0.0018310546875
5.015625 4.9921875 0.0234375 0.002197265625
2.828125 2.8037109375 0.024414062 0.0025787353515625
1.453125 1.45361328125 0.00048828125 0.00258636474609375
0.4296875 0.4365234375 0.0068359375 0.00269317626953125
4.296875 4.27392578125 0.022949219 0.0030517578125
1.890625 1.888671875 0.001953125 0.003082275390625
2.8359375 2.8486328125 0.0126953125 0.0032806396484375
-1.75 -1.76611328125 0.016113281 0.00353240966796875
2.3125 2.29443359375 0.018066406 0.003814697265625
1.09375 1.11669921875 0.022949219 0.00417327880859375
4.6015625 4.5810546875 0.020507812 0.00449371337890625
-0.5 -0.515625 0.015625 0.00473785400390625
4.0234375 3.9814453125 0.041992188 0.00539398193359375
1.8515625 1.86083984375 0.009277344 0.0055389404296875
3.7421875 3.7275390625 0.0146484375 0.005767822265625
-0.3984375 -0.41015625 0.01171875 0.005950927734375
3.0546875 3.0185546875 0.036132812 0.0065155029296875
1.328125 1.34130859375 0.013183594 0.00672149658203125
2.0390625 2.029296875 0.009765625 0.00687408447265625
-0.1953125 -0.19580078125 0.00048828125 0.0068817138671875
2.40625 2.3818359375 0.024414062 0.00726318359375
1.4609375 1.4521484375 0.0087890625 0.0074005126953125
1.5390625 1.5439453125 0.0048828125 0.007476806640625
-0.1328125 -0.13818359375 0.0053710938 0.00756072998046875
-2.2265625 -2.22900390625 0.0024414062 0.007598876953125
-2.5546875 -2.51708984375 0.037597656 0.00818634033203125
-0.6484375 -0.654296875 0.005859375 0.00827789306640625
-0.6171875 -0.609375 0.0078125 0.00839996337890625
-4.59375 -4.5849609375 0.0087890625 0.00853729248046875
-2.7890625 -2.76708984375 0.021972656 0.008880615234375
-1.015625 -1.015625 0.0 0.008880615234375
-0.5 -0.49609375 0.00390625 0.008941650390625
-4.0625 -4.0517578125 0.0107421875 0.0091094970703125
-2.359375 -2.34521484375 0.014160156 0.00933074951171875
-1.2265625 -1.22265625 0.00390625 0.00939178466796875
-0.640625 -0.64697265625 0.0063476562 0.009490966796875
-3.78125 -3.765625 0.015625 0.009735107421875
-1.53125 -1.5283203125 0.0029296875 0.0097808837890625
-2.0546875 -2.05810546875 0.0034179688 0.00983428955078125
1.15625 1.15283203125 0.0034179688 0.0098876953125
-2.7265625 -2.69140625 0.03515625 0.01043701171875
-0.078125 -0.07470703125 0.0034179688 0.01049041748046875
-3.734375 -3.72021484375 0.014160156 0.010711669921875
1.0078125 1.0 0.0078125 0.010833740234375
-5.5859375 -5.5341796875 0.051757812 0.0116424560546875
-1.8046875 -1.7919921875 0.0126953125 0.0118408203125
-3.03125 -3.02490234375 0.0063476562 0.01194000244140625
0.8359375 0.826171875 0.009765625 0.01209259033203125
-4.3828125 -4.3388671875 0.043945312 0.01277923583984375
-1.3203125 -1.3095703125 0.0107421875 0.01294708251953125
-1.9140625 -1.89990234375 0.014160156 0.0131683349609375
0.46875 0.45751953125 0.011230469 0.01334381103515625
-2.984375 -2.95703125 0.02734375 0.01377105712890625
-1.828125 -1.8115234375 0.016601562 0.01403045654296875
