[[-0.6262329 ]
 [-0.27387163]
 [ 2.88709   ]
 [ 2.1759977 ]
 [ 1.6676856 ]
 [ 0.06595254]
 [ 6.004869  ]
 [ 3.2710166 ]
 [ 1.581236  ]
 [ 0.13261175]
 [ 5.018843  ]
 [ 2.8291442 ]
 [ 1.4596614 ]
 [ 0.43608004]
 [ 4.3032174 ]
 [ 1.8982689 ]
 [ 2.8394186 ]
 [-1.7559198 ]
 [ 2.3182364 ]
 [ 1.0962553 ]
 [ 4.6054363 ]
 [-0.50109506]
 [ 4.028341  ]
 [ 1.8552878 ]
 [ 3.747885  ]
 [-0.39901567]
 [ 3.0574646 ]
 [ 1.3350351 ]
 [ 2.0462866 ]
 [-0.19704852]
 [ 2.4128435 ]
 [ 1.4634256 ]
 [ 1.5463604 ]
 [-0.13636696]
 [-2.2273822 ]
 [-2.559695  ]
 [-0.6548464 ]
 [-0.6191186 ]
 [-4.5988717 ]
 [-2.7929382 ]
 [-1.0186743 ]
 [-0.5058571 ]
 [-4.066384  ]
 [-2.3634527 ]
 [-1.2307111 ]
 [-0.64829403]
 [-3.7889442 ]
 [-1.5323523 ]
 [-2.0550575 ]
 [ 1.1599418 ]
 [-2.7278306 ]
 [-0.08244037]
 [-3.7351015 ]
 [ 1.0130751 ]
 [-5.591431  ]
 [-1.8114189 ]
 [-3.0379624 ]
 [ 0.8387455 ]
 [-4.386212  ]
 [-1.3241631 ]
 [-1.9159725 ]
 [ 0.47235215]
 [-2.9864914 ]
 [-1.833148  ]]