[-0.61865234 -0.27099609  2.87353516  2.13427734]
[1.66699219 0.0625     5.97265625 3.23730469]
[1.57910156 0.12695312 4.9921875  2.80371094]
[1.45361328 0.43652344 4.27392578 1.88867188]
[ 2.84863281 -1.76611328  2.29443359  1.11669922]
[ 4.58105469 -0.515625    3.98144531  1.86083984]
[ 3.72753906 -0.41015625  3.01855469  1.34130859]
[ 2.02929688 -0.19580078  2.38183594  1.45214844]
[ 1.54394531 -0.13818359 -2.22900391 -2.51708984]
[-0.65429688 -0.609375   -4.58496094 -2.76708984]
[-1.015625   -0.49609375 -4.05175781 -2.34521484]
[-1.22265625 -0.64697266 -3.765625   -1.52832031]
[-2.05810547  1.15283203 -2.69140625 -0.07470703]
[-3.72021484  1.         -5.53417969 -1.79199219]
[-3.02490234  0.82617188 -4.33886719 -1.30957031]
[-1.89990234  0.45751953 -2.95703125 -1.81152344]
