111111110110000
111111111011101
000000101110001
000000100010110
000000011010101
000000000001000
000001100000000
000000110100010
000000011001010
000000000010000
000001010000010
000000101101010
000000010111010
000000000110111
000001000100110
000000011110010
000000101101011
111111100100000
000000100101000
000000010001100
000001001001101
111111111000000
000001000000011
000000011101101
000000111011111
111111111001101
000000110000111
000000010101010
000000100000101
111111111100111
000000100110100
000000010111011
000000011000101
111111111101111
111111011100011
111111010111001
111111110101101
111111110110001
111110110110100
111111010011011
111111101111110
111111111000000
111110111111000
111111011010010
111111101100011
111111110101110
111111000011100
111111100111100
111111011111001
000000010010100
111111010100011
111111111110110
111111000100010
000000010000001
111110100110101
111111100011001
111111001111100
000000001101011
111110111001111
111111101010111
111111100001011
000000000111100
111111010000010
111111100010110
