111111110101101
111111111010001
000000101101101
000000100000111
000000011001011
000000000000001
000001011101011
000000110010111
000000011000000
000000000001000
000001001101111
000000101011111
000000010110100
000000000110011
000001000010111
000000011101111
000000101010111
111111100010101
000000100010101
000000010001011
000001000101101
111111110110010
000000111100111
000000011100101
000000111000100
111111111000000
000000101101111
000000010100000
000000011110101
111111111011111
000000100100100
000000010110010
000000010111001
111111111100110
111111011011100
111111010111010
111111110100010
111111110100111
111110110110001
111111010010001
111111101110011
111111110110101
111110111110010
111111011000101
111111101011101
111111110100111
111111000011101
111111100110001
111111011111000
000000010001100
111111010101000
111111111110011
111111000100101
000000001110111
111110100111101
111111100010101
111111001111011
000000001100000
111110111010010
111111101010011
111111100001010
000000000110110
111111010000100
111111100010110
